c0
10
4
107
103
19
23
113
23
62
8
69
32
68
82
43
60
54
81
26
84
56
93
88
203
52
79
193
58
114
35
142
43
52
36
88
52
126
105
84
208
45
60
60
136
72
94
15
52
103
33
10
64
168
32
83
46
64
131
c1
10
4
100
62
76
83
134
77
40
42
11
63
24
39
83
36
135
83
21
99
80
35
34
107
24
41
43
25
150
103
50
43
66
42
114
87
51
84
164
108
86
33
67
95
124
29
50
107
85
109
55
55
39
84
51
18
92
5
71
6
c2
14
4
109
130
185
126
89
25
48
156
127
6
59
35
51
43
43
51
14
97
51
45
62
71
54
104
74
47
121
98
33
121
126
102
73
82
56
41
101
116
33
56
56
57
68
56
52
19
72
79
130
49
57
84
94
39
104
65
c3
14
4
102
26
71
59
10
43
98
37
36
61
88
36
21
51
106
61
71
92
85
94
5
62
89
49
84
44
21
37
26
102
108
11
96
65
49
145
124
40
162
91
129
38
61
112
34
140
109
8
109
22
126
79
42
91
121
90
136
50
c4
14
4
111
29
41
60
21
32
101
133
36
71
104
64
155
52
15
16
49
29
94
48
25
94
125
62
66
21
22
8
48
64
28
51
36
34
59
53
51
77
40
80
112
22
163
13
5
81
5
72
58
99
122
111
32
100
139
103
57
22
66
59
94
78
72
88
c5
14
4
121
139
30
88
99
54
10
91
78
30
105
86
107
32
17
226
149
86
24
68
33
111
75
125
38
44
61
92
43
25
36
140
111
54
92
66
87
23
11
42
63
30
75
186
31
147
35
26
35
177
130
39
113
141
102
101
37
35
20
c6
15
4
33
68
111
43
63
111
144
112
113
61
109
58
148
35
83
18
22
28
90
120
31
131
99
80
114
34
65
27
112
159
92
165
63
169
145
56
216
26
c7
15
4
38
81
139
47
37
164
26
237
90
78
183
96
34
47
104
83
63
180
64
98
35
91
71
37
77
78
110
68
108
8
143
5
123
145
96
27
89
58
88
122
93
62
75
33
33
13
95
21
75
5
87
92
5
103
c8
13
4
13
85
12
128
26
140
31
62
73
38
48
66
59
78
161
138
84
20
107
17
69
65
72
54
27
30
81
137
115
104
21
119
103
121
27
66
16
79
31
127
78
156
79
148
109
50
143
118
87
131
60
91
39
91
79
37
66
101
10
35
76
c9
13
4
95
60
70
53
116
44
113
112
82
63
49
64
124
73
71
82
78
97
185
53
137
73
26
43
87
104
129
169
71
82
190
31
94
100
33
85
89
21
26
113
87
134
113
11
36
c10
10
4
155
242
58
160
162
131
47
125
58
21
99
71
102
121
130
12
82
80
52
71
190
61
181
116
25
32
55
95
122
149
135
43
13
103
51
87
177
126
51
67
100
80
134
9
129
119
139
201
126
61
62
98
100
17
62
85
76
172
7
72
19
132
137
118
16
142
127
21
51
c11
10
4
98
132
5
114
120
73
207
29
69
90
111
47
41
95
95
179
64
114
84
79
91
75
53
117
74
121
64
113
82
125
151
167
109
75
c12
12
4
209
82
156
94
54
141
53
47
127
56
99
154
125
133
219
5
47
9
160
160
70
46
c13
12
4
29
87
64
107
119
123
151
104
180
106
104
70
17
44
109
180
38
96
90
31
45
104
106
84
141
58
66
88
83
28
c14
12
4
129
63
88
157
92
34
71
51
122
93
73
48
45
58
32
155
91
127
96
142
173
125
7
56
138
c15
14
4
101
77
169
122
123
166
101
117
91
47
96
42
50
25
142
261
141
128
204
64
c16
14
4
82
50
44
48
55
51
118
159
158
59
38
192
108
105
55
94
186
90
33
76
71
207
60
98
83
84
38
65
102
177
124
108
c17
14
4
130
75
87
136
46
57
10
50
121
29
130
100
150
65
41
6
62
57
171
120
122
150
152
60
135
95
32
110
29
c18
13
4
64
53
128
65
71
22
153
186
49
134
102
85
33
53
76
93
100
221
114
159
228
38
248
56
c19
13
4
65
57
46
37
143
131
72
121
59
28
48
133
72
93
102
60
54
124
95
97
60
155
94
116
96
28
206
c20
13
4
134
139
116
16
68
94
102
43
52
107
109
60
111
57
113
93
137
35
65
67
18
71
83
52
133
55
68
80
111
130
45
144
73
30
c21
12
4
68
76
41
19
70
72
75
70
118
98
108
110
67
67
65
94
146
82
32
77
116
42
94
119
41
95
94
102
5
107
5
c22
12
4
83
150
185
80
134
5
77
127
141
5
87
112
126
120
135
113
145
124
85
95
54
150
57
137
10
127
143
33
c23
12
4
29
89
9
53
89
119
76
148
81
155
64
103
51
123
55
114
63
96
56
110
80
62
68
47
152
102
36
197
10
110
55
77
130
11
118
121
26
91
171
17
c24
12
4
80
120
147
45
63
144
58
67
117
111
65
46
206
226
192
98
55
61
91
97
248
55
110
23
109
c25
12
4
84
66
178
140
41
139
153
41
61
58
96
78
75
182
174
149
108
144
82
66
212
102
85
c26
12
4
88
112
173
219
101
146
126
103
64
86
112
72
58
21
91
133
148
69
115
31
35
63
56
c27
12
4
104
94
33
94
97
55
131
62
61
127
101
124
35
68
160
85
47
56
197
150
61
89
76
144
111
c28
12
4
214
27
91
106
164
78
36
114
114
142
148
137
124
256
107
239
92
21
c29
12
4
122
12
98
5
102
25
160
20
24
118
72
233
110
122
92
129
272
131
166
64
121
c30
10
4
88
57
26
102
151
72
130
52
68
45
76
98
145
49
57
6
151
25
210
60
28
56
88
18
113
120
71
108
39
c31
10
4
80
99
89
138
69
93
27
36
201
99
98
12
129
112
116
79
84
97
98
125
66
23
108
70
53
83
c32
10
4
141
136
109
42
65
104
94
152
155
56
144
90
72
129
105
72
102
125
124
82
41
133
c33
12
4
103
62
63
86
47
53
79
14
64
79
151
106
111
162
7
15
84
102
87
89
211
78
58
169
100
c34
12
4
177
67
115
106
148
76
130
194
101
103
84
147
118
170
124
13
158
100
21
c35
12
4
108
7
126
69
71
94
129
121
114
132
76
30
28
115
132
99
18
91
104
15
128
80
137
72
31
c36
14
4
41
99
116
83
168
54
54
97
149
76
82
94
103
87
106
128
132
126
182
149
122
c37
14
4
80
92
72
107
40
175
91
29
42
60
57
61
73
155
52
60
105
81
187
11
143
118
67
126
75
c38
14
4
97
45
63
88
136
77
185
94
94
127
73
89
113
49
173
74
100
31
111
74
79
99
60
119
c39
12
4
79
94
109
129
111
110
196
5
97
135
42
109
152
79
113
7
154
155
131
51
c40
12
4
52
115
10
34
126
119
85
21
137
129
99
103
103
123
65
6
106
90
19
95
172
123
13
122
9
132
108
c41
12
4
99
132
111
6
118
119
22
37
87
208
131
35
88
140
128
74
94
87
125
108
162
89
26
c42
15
4
131
196
144
60
151
102
94
71
208
199
119
93
88
74
145
176
82
11
46
63
c43
15
4
112
27
81
34
6
101
168
145
217
115
6
18
98
54
61
18
13
24
96
81
113
83
110
45
50
54
122
69
224
115
41
10
213
196
c44
15
4
86
172
176
155
195
50
265
121
154
180
123
35
150
214
222
74
118
110
275
132
154
c45
12
4
135
61
110
65
115
70
142
136
182
263
253
130
165
129
145
131
197
123
135
101
95
19
87
157
85
159
110
10
140
119
83
94
37
c46
12
4
121
55
74
83
128
40
47
47
105
10
7
57
69
144
151
42
76
112
114
29
82
73
78
76
86
32
36
58
143
165
66
59
110
88
69
100
129
77
59
43
117
119
65
129
154
140
c47
10
4
30
52
111
122
56
151
70
143
116
202
37
120
11
164
62
49
52
87
55
43
89
92
109
55
73
86
91
68
37
78
125
150
112
81
76
48
72
23
33
51
137
116
c48
10
4
78
66
77
73
90
68
69
60
91
110
89
26
80
97
54
38
25
32
152
26
63
51
195
173
172
85
130
34
94
15
84
79
109
118
89
47
52
124
6
76
83
17
121
76
14
72
88
130
120
25
70
129
85
42
82
22
69
55
75
42
33
51
43
71
c49
11
4
105
69
68
100
76
65
100
84
79
115
7
91
68
110
87
100
39
44
97
114
65
79
134
25
97
82
80
94
17
40
43
7
157
101
47
85
74
117
53
49
40
38
111
92
19
178
134
7
132
113
68
37
132
c50
11
4
48
99
116
57
89
102
79
9
11
8
10
9
13
6
6
11
137
12
12
9
11
9
12
6
6
8
14
8
14
11
198
21
83
58
18
47
80
78
77
14
106
42
145
61
54
88
137
137
36
29
145
95
44
285
44
156
100
302
63
227
113
122
97
83
117
c51
13
4
27
36
97
88
85
46
89
51
10
47
107
77
57
86
74
23
95
104
18
111
57
113
105
139
30
61
90
150
70
105
159
92
98
62
27
27
135
99
134
94
125
84
87
100
98
138
12
c52
13
4
68
120
40
66
82
38
86
138
50
105
105
73
50
33
10
152
95
55
69
108
74
58
65
10
54
130
105
64
79
113
134
118
49
56
24
33
11
26
69
45
120
60
81
11
44
65
84
42
166
40
58
96
66
44
66
64
57
68
c53
7
4
90
117
67
84
75
109
51
49
104
102
58
102
13
53
72
75
43
49
96
90
101
99
107
53
28
233
61
27
135
146
83
107
126
178
119
29
c54
7
4
103
102
141
48
33
151
80
40
51
109
5
116
50
83
125
94
111
128
93
142
62
92
173
156
111
41
61
90
41
44
79
88
55
92
87
95
59
18
c55
10
4
44
74
31
41
116
33
58
75
21
106
134
159
127
77
143
108
95
111
120
11
93
113
82
145
50
112
81
63
118
72
169
118
133
83
59
c56
10
4
63
99
68
114
80
51
22
205
107
147
43
201
123
60
64
76
87
62
19
130
65
109
65
105
5
67
61
73
15
106
33
136
78
96
100
82
61
75
c57
10
4
123
102
7
53
18
39
76
28
98
5
72
79
72
65
151
71
11
66
170
5
79
21
55
91
5
123
175
100
88
33
13
82
42
45
14
7
22
33
39
99
17
40
108
24
153
152
190
90
79
22
92
120
64
51
40
52
c58
10
4
6
55
44
41
66
68
78
67
18
71
62
27
141
42
73
119
22
100
19
85
57
83
45
44
131
102
12
88
61
14
8
83
88
100
127
22
93
45
91
23
8
42
105
63
110
179
72
c59
10
4
44
111
81
64
64
116
132
7
113
25
104
164
100
12
90
12
91
56
60
38
118
26
55
11
75
20
55
20
40
46
52
45
75
77
31
26
49
44
167
29
98
112
61
62
76
39
56
46
22
64
c60
18
4
86
89
20
119
88
77
15
112
86
118
29
120
105
113
15
36
62
214
74
179
106
125
99
55
57
157
108
182
28
34
69
9
c61
18
4
35
62
18
27
42
47
28
22
19
31
22
45
7
25
63
12
56
38
26
11
57
20
20
25
22
30
7
66
129
70
106
32
112
121
151
45
23
66
19
103
115
58
136
132
52
65
65
31
166
112
115
40
c62
21
4
41
73
66
34
160
100
101
63
94
88
122
145
60
46
71
80
149
75
187
119
164
108
156
82
47
122
89
137
96
64
52
61
92
102
112
28
c63
21
4
103
34
20
20
143
131
77
92
56
91
37
100
74
80
93
101
10
93
119
88
127
5
81
70
121
105
44
77
14
19
214
28
105
68
143
83
22
43
5
51
26
87
29
78
5
63
c64
7
4
121
116
5
53
94
111
34
33
14
91
121
84
93
27
123
37
79
93
104
112
123
58
99
118
36
73
c65
7
4
67
125
51
84
45
146
44
85
87
27
94
95
96
90
130
26
74
75
54
95
105
37
70
17
41
c66
7
4
95
106
17
66
100
110
96
33
81
61
6
114
50
123
154
80
139
59
115
146
91
5
100
16
148
c67
16
4
40
113
203
118
132
182
49
46
87
121
21
45
139
185
91
62
221
34
65
c68
16
4
167
86
150
139
5
42
104
135
87
52
64
53
96
38
98
83
63
29
114
5
154
126
12
49
c69
16
4
115
110
108
19
97
48
68
95
89
46
7
84
9
105
129
23
233
102
11
5
156
108
27
122
64
57
c70
12
4
111
126
32
43
76
35
151
66
29
22
7
115
63
168
85
102
87
60
75
74
34
118
40
90
99
54
c71
12
4
133
106
52
56
64
129
161
58
72
41
32
96
160
191
68
256
128
180
45
25
23
c72
12
4
52
135
22
110
101
92
105
91
183
133
115
19
148
47
114
8
102
74
68
119
88
90
27
58
135
7
7
53
c73
19
4
9
9
21
61
120
122
48
171
77
78
124
75
168
122
59
134
111
11
119
94
53
104
102
14
c74
19
4
90
111
144
70
105
60
99
55
57
36
112
60
80
188
119
16
183
126
147
41
151
57
100
107
125
99
98
172
122
96
139
142
69
64
c75
16
4
79
81
80
24
70
76
127
115
180
45
79
89
96
58
123
88
69
98
154
186
60
49
c76
16
4
100
75
92
43
75
107
25
133
87
68
97
156
91
92
85
71
33
99
7
121
81
77
63
6
110
c77
16
4
103
80
67
165
154
6
141
167
112
22
123
64
103
134
81
117
117
144
84
30
c78
13
4
7
99
190
228
209
15
62
61
248
78
133
93
61
65
55
37
64
150
111
c79
13
4
31
129
173
93
40
91
166
143
137
128
102
65
79
120
107
110
166
84
93
154
56
c80
13
4
88
55
36
78
137
54
84
180
126
58
48
101
83
78
170
54
50
88
97
53
97
137
50
75
83
156
60
c81
17
4
95
45
102
96
67
226
34
49
73
78
45
105
396
56
200
200
141
17
28
56
208
c82
17
4
112
63
53
124
67
48
128
121
126
139
104
118
68
70
67
33
87
37
120
90
143
162
102
c83
17
4
140
92
87
163
99
130
106
161
170
12
121
114
79
87
86
79
22
105
51
57
34
5
c84
18
4
105
98
112
107
106
76
198
114
58
124
125
85
58
142
148
35
19
72
53
111
88
63
89
41
50
104
39
108
41
c85
18
4
92
90
51
96
111
80
65
17
109
85
111
64
32
12
47
10
33
77
74
113
45
33
34
127
11
106
95
90
64
71
22
c86
18
4
100
54
64
44
204
13
111
91
226
97
29
57
60
25
33
26
62
82
69
157
106
145
74
141
c87
21
4
78
48
58
107
121
133
216
72
57
133
76
79
52
50
20
21
45
65
84
64
66
40
117
200
128
c88
21
4
65
89
174
75
39
112
69
110
195
124
62
29
67
44
51
24
39
42
91
63
59
119
34
118
5
70
63
121
107
26
c89
21
4
112
85
60
45
77
136
125
103
69
89
95
99
205
53
118
83
59
135
9
89
65
143
82
111
8
104
100
24
c90
18
4
113
71
5
115
82
165
98
86
45
88
70
93
48
40
95
86
91
109
109
79
127
81
54
23
c91
18
4
97
42
68
127
76
104
100
86
32
30
152
102
131
32
111
66
33
102
101
70
39
92
58
51
59
9
106
17
c92
18
4
59
96
126
54
121
34
107
106
91
133
47
36
78
89
98
76
187
287
144
c93
11
4
70
85
35
99
39
65
51
106
42
51
62
7
124
44
136
111
181
68
63
72
63
80
89
97
80
63
c94
11
4
114
85
181
117
114
9
88
219
143
28
161
73
51
92
55
94
130
84
139
23
c95
11
4
95
87
71
163
31
62
39
64
22
195
223
40
65
108
116
92
83
49
51
74
35
55
168
c96
17
4
50
230
71
172
132
100
211
81
82
144
97
174
115
69
141
28
161
7
c97
17
4
101
122
27
137
35
117
18
100
98
117
90
149
147
87
22
190
131
102
144
136
90
78
22
c98
17
4
116
122
96
139
72
183
28
130
131
104
116
92
96
163
73
149
30
93
196
c99
13
4
126
82
164
139
70
29
111
159
99
36
19
112
124
19
160
123
69
99
68
109
172
c100
13
4
188
60
124
78
195
73
61
108
90
195
143
118
79
146
79
175
107
78
33
106
95
c101
13
4
138
112
95
94
116
110
209
188
248
157
244
155
68
135
59
c102
12
4
78
88
60
76
83
88
126
123
140
42
77
30
37
16
8
71
214
51
258
130
73
110
c103
12
4
73
60
87
133
28
41
48
85
158
95
78
174
65
23
41
99
109
81
88
129
65
108
32
37
111
7
113
c104
12
4
109
144
170
102
96
45
90
39
63
80
148
28
59
64
149
135
64
152
50
164
78
c105
15
4
67
81
110
160
160
154
102
78
81
183
5
129
83
89
62
51
80
92
157
82
c106
15
4
42
88
100
135
114
132
111
5
131
28
159
60
10
164
117
76
40
180
30
230
167
36
c107
15
4
41
101
72
114
161
10
109
104
65
117
78
69
42
67
157
98
76
22
180
51
78
102
186
125
5
106
c108
14
4
132
109
142
81
119
137
204
5
143
5
5
5
5
5
5
32
165
108
162
26
114
93
147
c109
14
4
136
82
34
62
114
45
125
51
144
82
28
82
152
66
39
113
85
30
60
37
66
72
121
30
72
58
11
c110
14
4
113
33
79
96
75
98
101
151
134
37
99
131
131
133
188
88
87
158
102
111
c111
12
4
42
150
186
99
153
172
133
83
84
70
102
207
30
101
50
46
36
108
49
114
94
c112
12
4
140
135
117
37
131
107
69
205
21
146
52
102
139
128
117
28
87
185
216
77
c113
12
4
135
18
75
50
63
130
108
5
112
105
102
128
26
58
41
34
55
108
122
150
99
77
116
14
166
47
115
18
c114
17
4
65
168
70
122
124
28
39
135
66
200
7
148
130
97
118
112
43
35
138
20
39
102
c115
17
4
100
118
67
165
124
7
61
104
63
81
164
141
115
98
12
89
124
50
157
167
25
45
107
49
159
43
92
141
122
16
112
127
193
14
168
c116
17
4
12
94
5
164
102
127
120
116
114
118
89
52
171
206
96
60
113
40
81
111
94
138
150
205
18
136
159
150
101
12
95
92
44
98
131
84
47
118
112
56
207
119
127
217
97
151
122
175
42
34
81
75
136
196
c117
7
4
180
101
141
194
144
29
112
91
139
46
98
5
144
108
146
147
117
60
46
70
103
96
154
121
119
126
70
101
71
51
117
c118
10
4
79
31
200
27
100
129
80
220
23
117
96
48
68
60
170
114
70
73
97
121
149
43
85
71
27
54
71
206
49
143
174
20
69
76
37
239
96
c119
12
4
56
56
90
127
80
92
127
152
150
50
70
132
191
13
139
85
153
126
133
63
143
61
124
168
157
136
173
127
c120
12
4
40
78
138
161
87
124
115
39
139
72
172
199
88
69
53
123
120
183
63
37
103
86
213
35
193
110
95
23
50
83
28
c121
22
4
102
123
59
124
72
155
61
153
127
37
72
76
82
30
116
119
151
27
106
69
149
90
68
153
38
108
160
159
32
163
32
88
c122
22
4
174
65
86
69
121
65
22
31
140
80
149
108
182
124
91
71
69
82
76
103
156
60
83
45
58
34
136
114
118
21
14
286
6
113
46
34
146
25
c123
12
4
9
124
101
33
79
147
32
81
117
141
110
81
95
60
141
122
125
133
86
129
181
51
155
21
76
121
285
79
51
109
108
37
55
52
c124
12
4
110
127
5
129
93
5
131
124
233
60
66
99
17
151
131
173
119
128
119
87
162
12
5
78
21
35
76
14
122
66
42
125
89
74
54
66
89
c125
12
4
59
145
119
155
363
96
54
218
164
56
123
128
128
182
85
139
100
34
140
169
63
86
46
53
63
73
74
67
104
45
48
6
177
c126
14
4
190
93
45
104
93
21
92
28
137
106
17
21
100
68
114
80
53
162
80
165
10
199
117
78
109
223
179
80
152
111
193
c127
14
4
106
55
47
39
85
90
120
82
29
74
16
116
134
87
53
90
103
62
104
89
45
93
106
177
93
111
133
54
53
150
131
11
85
91
140
94
c128
14
4
171
176
117
64
98
133
93
101
104
77
82
108
124
118
70
82
104
67
5
81
6
160
64
91
5
159
128
91
177
172
44
c129
12
4
92
111
172
104
120
80
95
126
54
123
45
69
95
87
111
107
32
113
8
81
84
145
95
81
96
56
84
43
75
107
75
59
110
42
76
18
c130
12
4
173
116
35
52
61
115
62
11
136
104
126
165
21
81
132
107
95
215
95
98
102
5
22
105
51
6
166
128
169
217
100
5
74
89
37
105
72
70
19
30
61
c131
11
4
53
60
59
82
92
148
90
107
75
153
89
60
309
58
58
98
90
86
70
78
113
189
81
13
16
150
15
140
7
108
105
165
101
48
63
8
c132
11
4
134
190
167
73
273
56
289
73
115
201
62
72
106
220
111
92
183
385
102
114
158
81
c133
11
4
104
99
168
198
260
81
220
143
263
179
306
74
213
110
53
96
24
21
265
137
70
130
c134
12
4
188
205
132
182
90
48
120
34
121
59
98
31
35
34
68
87
208
132
111
117
106
148
120
160
101
111
112
59
108
120
23
c135
12
4
27
130
84
252
82
97
56
174
148
171
146
120
61
180
163
176
198
198
159
52
116
232
88
c136
12
4
141
211
96
92
41
96
98
142
73
108
116
55
96
223
133
168
49
27
48
82
110
82
263
53
118
87
215
230
42
c137
17
4
23
31
64
123
247
144
181
148
176
92
7
221
146
206
107
103
125
123
99
148
155
101
99
89
122
c138
17
4
100
197
111
77
138
108
128
133
195
194
116
89
98
80
21
64
5
46
62
106
170
70
52
148
81
81
92
100
118
108
94
101
114
c139
15
4
163
176
150
75
130
216
139
102
88
97
36
105
67
96
51
67
111
187
56
87
94
55
26
95
13
119
29
92
101
74
66
46
102
57
c140
15
4
123
188
102
121
180
122
173
56
110
85
156
17
63
91
58
101
101
97
104
38
98
217
59
82
78
157
91
99
57
95
30
c141
20
4
96
148
86
111
114
181
49
76
35
69
27
102
117
24
97
289
96
87
137
116
207
28
91
94
141
193
83
70
94
145
44
c142
20
4
140
277
197
91
95
102
99
118
126
61
64
93
100
87
214
78
79
41
80
100
33
76
29
91
226
89
120
137
77
108
c143
15
4
70
124
40
82
81
136
200
26
85
138
174
90
232
73
128
187
91
115
132
137
118
106
136
172
124
38
c144
15
4
112
143
95
42
132
55
43
103
84
166
116
102
79
66
227
43
81
98
73
45
105
94
85
127
147
150
83
169
150
5
5
184
c145
13
4
136
108
147
127
148
41
75
130
118
89
141
71
8
123
93
125
37
72
90
53
69
91
118
165
77
62
110
151
124
126
130
29
c146
13
4
107
49
52
94
186
53
102
121
67
71
53
191
116
72
151
73
104
128
105
185
151
36
91
118
81
142
55
133
25
128
72
23
c147
13
4
104
55
63
129
63
137
142
214
155
24
146
5
196
117
77
29
198
75
134
167
71
187
28
109
126
55
156
66
125
7
155
c148
15
4
99
14
142
225
27
221
152
104
34
9
8
9
171
77
56
211
194
219
162
146
130
78
52
189
87
69
113
101
61
89
c149
15
4
98
117
67
135
206
47
152
98
114
84
66
51
155
54
105
66
128
59
71
51
71
98
96
39
97
101
37
48
99
59
152
122
92
113
82
c150
13
4
131
196
171
58
163
116
219
55
81
161
262
31
126
103
81
205
81
75
122
68
60
125
136
51
142
113
61
129
67
c151
13
4
85
146
122
69
120
137
101
172
108
16
74
186
122
10
54
68
18
115
42
154
156
63
139
127
42
49
132
101
112
133
110
62
c152
7
4
146
126
35
60
36
121
58
130
83
176
102
120
88
141
215
123
50
73
63
89
118
187
120
98
203
14
46
49
140
21
71
c153
7
4
88
69
109
70
92
187
59
110
27
185
11
98
148
74
315
64
5
203
5
120
222
106
17
193
59
67
183
162
87
38
198
c154
7
4
36
98
15
194
188
195
100
157
96
101
196
45
8
182
117
106
187
137
33
67
145
147
28
94
134
55
76
104
112
75
c155
15
4
103
111
184
105
104
134
100
19
187
168
108
35
104
73
75
103
122
93
100
174
32
85
128
171
79
92
37
179
153
110
13
24
c156
15
4
227
199
5
165
199
136
138
130
122
191
75
120
157
100
68
87
86
133
162
104
64
72
81
65
118
101
194
42
c157
20
4
126
115
46
159
176
51
112
191
48
53
72
56
42
67
58
118
114
71
151
72
92
124
161
100
64
75
5
112
99
154
135
38
68
50
21
c158
20
4
46
76
147
38
53
32
193
178
106
153
158
84
227
49
132
59
31
6
134
240
12
96
5
5
183
177
24
212
148
76
62
32
27
40
c159
14
4
109
160
64
132
215
165
63
146
80
151
87
104
187
102
94
109
96
120
71
137
116
242
134
45
170
7
c160
14
4
109
155
8
150
54
197
139
210
88
115
101
159
111
92
92
103
24
96
171
16
127
66
92
49
7
89
77
68
126
95
113
137
41
c161
7
4
77
5
80
5
151
135
15
168
98
5
49
69
5
101
149
127
147
72
264
126
52
110
61
129
64
69
90
156
159
82
16
11
79
99
96
c162
7
4
83
88
91
56
63
140
88
150
152
70
176
322
76
46
67
5
159
68
69
120
138
87
122
39
87
141
65
37
125
83
21
169
135
63
63
8
c163
17
4
166
154
265
65
155
44
125
150
41
57
68
48
153
101
155
109
56
131
182
33
168
133
67
91
97
303
112
22
c164
17
4
94
78
93
102
226
171
175
92
238
30
172
163
102
242
115
209
82
62
42
27
86
232
72
210
153
c165
19
4
69
122
138
59
201
55
220
324
176
79
161
114
188
157
145
121
82
137
171
78
67
88
124
31
c166
19
4
91
150
204
97
39
105
47
87
49
153
147
61
138
72
87
117
43
161
101
61
62
112
87
141
77
53
128
120
75
19
94
28
c167
16
4
113
116
128
202
95
41
37
155
127
123
205
76
104
133
157
161
56
93
60
193
31
118
51
23
325
66
88
70
c168
16
4
115
152
104
96
92
90
246
100
73
136
59
98
52
140
108
102
200
192
54
157
84
202
119
108
103
130
33
c169
13
4
183
106
110
241
44
58
114
37
112
167
49
166
5
147
42
87
5
63
107
144
148
143
64
96
107
94
120
148
126
148
92
c170
13
4
190
150
174
156
124
196
93
130
95
100
48
47
95
114
101
66
75
93
100
108
94
87
108
58
150
160
51
69
210
133
38
c171
10
4
70
106
60
92
60
37
145
130
78
175
164
69
105
109
5
83
51
102
144
50
7
34
92
70
46
179
107
151
92
41
83
57
64
23
157
18
c172
10
4
51
51
90
5
40
59
90
21
73
96
106
152
187
117
102
76
37
145
45
38
107
98
76
6
87
63
10
225
138
6
6
5
244
94
62
74
99
5
107
28
c173
14
4
83
51
157
50
90
74
113
60
154
16
151
95
188
161
48
138
145
91
122
173
90
82
221
70
112
53
22
172
121
49
c174
14
4
149
48
194
117
71
114
78
62
229
221
131
43
114
148
73
136
202
82
191
100
174
154
120
215
91
29
c175
13
4
113
124
104
122
155
160
325
133
192
196
254
8
192
160
143
92
210
167
110
142
c176
13
4
122
24
148
190
323
8
190
229
35
121
298
23
54
9
116
72
93
104
115
74
30
125
104
67
16
224
108
95
66
c177
14
4
24
176
45
47
103
83
96
47
50
138
150
73
225
34
162
41
18
108
143
53
36
129
75
60
53
58
99
5
121
203
69
172
99
77
c178
14
4
134
221
114
48
103
107
115
172
147
147
132
64
184
57
214
100
5
144
204
193
147
21
125
157
26
94
85
6
90
168
59
28
c179
13
4
158
103
110
57
166
66
73
61
130
99
146
163
123
166
92
73
115
50
227
209
196
243
142
266
82
c180
13
4
176
161
41
101
15
228
147
74
174
117
137
132
30
88
149
102
97
94
103
163
92
128
156
85
22
335
21
c181
12
4
98
86
41
20
74
60
79
106
145
120
136
164
186
241
48
128
264
71
91
127
272
152
128
133
83
85
c182
12
4
152
185
174
66
24
147
87
5
61
37
5
53
72
160
100
95
22
84
144
30
173
62
177
132
181
111
98
40
310
140
c183
12
4
34
146
81
56
96
185
107
120
73
170
140
159
142
131
33
170
102
201
131
69
77
135
31
102
132
139
10
109
14
c184
17
4
149
108
88
198
145
139
108
7
130
167
93
66
8
110
128
49
221
130
114
78
66
124
56
160
66
142
40
121
46
c185
17
4
77
36
75
82
93
139
94
147
107
180
34
132
8
36
76
39
43
126
136
135
65
49
212
133
94
40
117
174
107
82
147
45
30
c186
15
4
86
86
134
46
93
38
189
65
50
45
55
46
40
162
97
66
136
101
123
196
47
159
157
107
94
105
88
294
42
51
c187
15
4
120
30
119
303
201
130
203
288
72
95
216
154
96
116
30
71
141
38
97
98
110
61
97
185
105
137
57
c188
15
4
82
58
40
5
78
34
66
32
63
69
78
85
5
5
46
155
164
121
140
105
117
146
46
27
85
137
135
162
56
135
99
68
105
116
63
44
82
116
65
c189
12
4
76
81
103
229
67
71
109
115
68
56
88
28
85
103
58
86
50
20
96
60
96
100
67
71
61
47
87
77
91
119
142
101
82
81
66
90
5
30
c190
12
4
83
72
90
107
109
82
46
71
97
51
74
73
81
125
88
203
79
62
88
33
56
96
25
107
98
77
99
75
150
139
165
76
62
72
78
23
32
13
13
c191
12
4
89
30
63
88
82
74
45
104
41
38
61
79
71
102
141
49
64
81
127
30
33
93
111
83
26
45
178
101
93
81
110
75
99
39
77
7
137
96
81
89
89
43
53
c192
14
4
102
84
22
134
130
102
109
42
133
42
118
26
70
25
38
58
85
77
72
6
149
94
57
240
18
85
79
53
54
57
91
121
147
69
56
60
73
138
64
75
c193
14
4
46
69
65
39
99
170
82
114
29
169
139
41
66
26
92
32
62
63
80
74
59
45
117
102
59
140
70
114
115
55
70
15
98
54
226
141
93
39
33
69
c194
10
4
65
94
86
76
31
63
118
45
83
6
103
123
41
19
23
112
114
154
5
166
12
134
139
84
124
128
147
15
90
141
162
122
184
c195
10
4
72
139
187
109
70
38
72
60
121
94
51
163
193
98
147
94
145
126
96
114
156
88
188
107
99
114
127
53
c196
13
4
149
54
70
70
156
153
146
99
106
50
113
89
191
72
128
133
47
109
59
107
98
68
73
87
28
60
160
190
53
61
102
18
64
46
c197
13
4
70
34
88
48
84
7
51
66
125
80
76
79
164
91
110
44
206
159
75
107
307
100
111
97
94
118
23
82
231
139
91
c198
16
4
42
93
230
115
27
141
9
147
93
61
67
27
41
69
73
144
66
48
54
136
98
105
109
113
63
48
156
228
57
110
58
81
111
81
15
c199
16
4
99
137
126
143
134
40
113
118
53
38
224
104
196
74
72
185
117
161
14
57
138
46
115
99
66
73
88
6
63
106
154
c200
16
4
130
170
111
69
9
188
37
70
65
250
111
185
76
118
63
114
127
36
144
56
65
160
166
102
59
97
49
63
116
120
c201
13
4
19
102
88
147
80
91
107
76
93
117
141
113
97
128
68
86
175
128
148
84
20
51
161
146
170
159
106
158
22
c202
13
4
89
116
104
127
139
124
57
144
77
209
24
42
66
42
74
143
76
217
52
155
30
46
88
197
81
76
103
14
15
127
289
56
c203
21
4
163
58
38
25
66
157
112
144
7
80
105
143
135
63
62
76
59
66
64
28
254
213
81
104
169
59
201
107
208
23
c204
21
4
151
167
328
15
44
81
24
252
59
66
28
164
39
282
42
117
73
55
46
190
141
123
92
98
101
106
20
121
105
13
193
49
c205
12
4
99
121
75
75
164
53
202
27
79
42
110
141
111
95
157
140
47
152
13
146
119
59
147
84
146
167
149
120
95
9
c206
12
4
81
49
27
97
116
88
57
209
178
18
191
114
37
160
170
98
107
104
192
133
57
73
84
98
50
14
11
10
110
85
63
143
57
143
c207
13
4
75
136
152
77
85
29
48
35
78
131
99
83
47
41
120
192
66
135
106
74
70
122
96
73
71
6
134
186
70
68
73
129
83
73
5
56
8
c208
13
4
123
119
95
160
113
144
107
54
138
107
42
154
146
97
58
140
140
79
45
166
108
99
158
147
115
140
58
39
57
c209
13
4
93
183
116
144
58
106
117
104
224
215
108
36
152
93
9
125
110
105
107
107
73
104
13
34
69
120
119
126
152
c210
10
4
192
195
149
183
98
328
70
163
66
124
88
106
80
271
251
170
34
117
123
126
124
73
32
49
c211
10
4
221
180
103
158
112
243
96
127
183
33
157
144
218
120
211
108
139
16
110
90
175
93
128
c212
10
4
137
59
94
123
90
217
108
139
126
59
135
96
144
52
23
157
158
5
85
157
124
173
123
137
100
154
5
102
74
74
67
18
30
78
c213
9
4
60
142
150
140
77
98
117
103
133
73
310
161
207
79
113
81
160
10
180
148
93
103
134
97
153
48
c214
14
4
59
6
106
80
121
76
154
120
109
15
125
7
142
90
115
165
103
238
123
12
179
90
105
148
59
91
176
177
96
c215
14
4
143
131
10
101
185
75
153
102
122
103
203
207
142
251
8
176
100
218
122
109
122
152
138
61
68
26
c216
26
4
119
93
108
145
139
108
102
126
105
185
56
138
5
110
111
227
104
109
238
120
190
5
115
193
86
22
9
c217
26
4
122
136
129
105
211
94
334
86
317
94
108
82
232
38
50
51
87
5
182
83
67
189
68
5
71
74
96
125
128
57
95
78
50
34
104
70
10
95
51
54
58
5
81
81
53
96
51
32
114
5
111
141
75
61
26
10
7
37
24
48
3
30
3
42
3
40
3
34
3
38
19
c218
13
4
153
142
116
119
107
105
185
78
339
103
94
109
101
19
134
80
62
136
224
217
178
59
166
65
28
c219
13
4
358
116
264
88
254
115
76
184
89
206
135
22
73
115
100
96
38
86
193
78
196
118
118
135
59
c220
14
4
94
204
91
132
99
136
96
167
141
122
149
102
101
255
128
97
85
75
79
229
78
50
194
36
158
24
c221
14
4
226
146
129
108
71
165
196
49
154
174
54
143
91
60
188
94
310
171
254
189
72
18
25
c222
16
4
102
144
60
197
103
120
71
131
15
123
56
101
131
94
28
33
5
51
129
61
95
38
105
56
76
91
105
105
72
81
87
138
85
113
121
70
42
37
c223
16
4
147
106
246
114
158
130
244
117
74
119
93
82
62
44
73
158
91
39
130
151
150
98
63
242
127
88
c224
16
4
159
54
159
112
106
217
46
101
94
107
132
179
94
34
52
69
58
137
69
34
131
115
134
102
80
73
120
150
106
24
103
37
c225
13
4
59
67
119
156
200
92
93
128
208
17
110
119
93
35
89
171
56
7
124
54
33
65
81
17
142
6
99
8
252
17
163
110
135
12
c226
13
4
107
152
67
38
14
212
88
74
34
170
148
77
33
58
32
96
130
124
171
38
50
106
44
76
84
37
117
118
120
105
57
11
89
47
58
75
30
14
26
c227
13
4
81
165
6
176
125
101
222
148
175
169
74
41
84
106
59
48
73
78
103
88
134
255
181
136
110
63
50
61
99
40
6
c228
12
4
123
103
143
49
51
73
24
28
133
109
62
62
26
144
132
195
96
80
116
158
230
132
48
196
198
89
165
58
47
c229
12
4
145
273
197
151
81
140
87
75
138
285
169
148
176
21
144
144
94
136
184
68
28
79
65
110
112
c230
15
4
55
74
124
106
95
86
71
60
121
180
205
135
51
138
131
204
186
108
120
76
81
6
32
18
130
129
97
87
92
113
48
c231
15
4
68
199
126
64
170
149
55
120
129
140
135
133
115
82
173
133
189
180
56
66
218
11
107
133
152
82
c232
15
4
81
200
6
52
101
38
52
216
96
89
91
43
91
143
105
30
49
25
123
41
90
150
148
101
71
146
193
156
96
72
103
92
c233
18
4
144
34
71
69
86
188
43
111
121
37
192
163
175
109
27
68
76
122
103
294
195
228
119
6
160
94
199
41
c234
18
4
130
89
61
83
151
58
58
77
56
57
113
52
119
133
85
84
251
26
133
155
45
160
103
148
99
124
143
266
116
72
79
73
c235
19
4
102
71
174
92
58
172
192
121
116
185
72
91
179
105
127
205
109
271
209
208
136
243
24
c236
19
4
142
115
5
189
5
223
5
197
5
109
146
5
93
208
5
176
5
114
5
193
7
180
131
98
92
80
125
34
92
146
131
16
134
104
12
c237
19
4
126
145
132
108
72
133
69
135
119
28
141
212
63
43
24
48
73
97
176
31
95
192
42
49
152
55
24
99
148
193
126
233
82
112
79
183
74
32
109
67
16
c238
16
4
103
148
92
182
161
126
85
297
49
236
118
19
31
138
147
53
64
84
167
190
176
165
214
35
c239
16
4
35
77
68
81
121
14
8
176
49
80
67
281
47
182
79
100
58
9
147
106
64
108
72
118
100
163
108
100
70
232
145
46
c240
14
4
130
109
41
58
156
69
102
206
81
167
107
144
125
130
196
193
132
101
143
141
150
149
89
145
70
c241
14
4
133
120
152
52
182
86
96
99
138
133
232
125
168
105
110
51
113
80
59
97
226
135
80
163
154
143
c242
19
4
116
156
63
144
65
36
90
38
119
172
105
200
68
148
47
124
158
195
53
244
126
60
134
49
103
89
78
71
39
c243
19
4
124
116
149
86
229
137
74
35
255
142
47
183
68
6
56
186
117
110
110
56
49
88
194
54
155
88
49
117
14
c244
19
4
65
254
113
107
6
105
159
54
58
137
36
103
119
66
59
130
152
36
126
96
50
55
71
69
44
30
16
20
181
53
30
78
95
18
26
76
151
57
11
c245
13
4
94
255
99
126
7
158
68
209
168
110
157
60
104
25
109
168
77
166
141
117
84
83
117
104
205
34
100
c246
13
4
129
200
74
170
101
90
94
122
158
144
112
68
92
80
125
149
108
120
173
67
76
238
98
38
271
37
65
219
88
72
175
55
58
155
95
110
36
c247
17
4
113
119
202
132
123
94
153
152
68
238
162
88
172
103
114
90
117
151
111
41
91
101
157
256
c248
17
4
122
37
139
179
133
80
70
91
110
130
92
15
136
43
213
196
117
74
143
73
81
76
133
213
156
149
130
c249
17
4
90
192
100
103
157
164
62
141
104
98
142
194
122
123
40
247
10
28
211
173
60
83
31
6
5
6
6
6
135
121
95
31
c250
19
4
171
66
6
41
210
102
129
131
166
131
152
193
86
163
126
123
107
106
88
77
52
83
152
105
106
65
63
88
51
c251
19
4
89
81
199
104
121
75
117
67
111
48
103
78
57
57
145
5
142
216
89
205
262
131
114
96
68
221
31
c252
15
4
68
123
98
180
185
53
69
150
109
166
123
187
89
38
183
110
106
181
72
113
119
107
94
137
125
149
116
7
11
c253
15
4
42
37
77
91
149
5
126
83
31
151
129
125
51
201
64
340
84
165
102
94
232
125
55
78
91
190
144
c254
15
4
184
118
93
120
170
96
47
21
147
46
106
77
57
94
88
219
168
124
11
85
43
92
176
174
163
113
115
121
19
c255
16
4
133
134
93
160
62
102
62
111
179
78
9
59
237
134
34
165
185
80
151
106
179
48
122
90
68
51
86
96
11
80
c256
16
4
29
63
107
167
116
196
110
54
161
111
45
179
85
124
180
50
127
155
226
51
174
66
119
120
142
102
c257
16
4
118
164
200
91
71
119
120
125
132
309
72
66
211
108
162
141
274
126
13
159
233
10
c258
11
4
145
81
106
121
135
48
129
72
217
169
144
207
89
90
127
248
121
73
288
160
129
123
14
c259
11
4
90
124
113
138
192
102
109
55
125
110
230
73
143
145
144
19
90
120
83
47
10
137
114
98
249
106
130
c260
14
4
124
14
201
74
163
126
88
123
124
150
218
114
106
8
118
182
157
140
168
180
5
235
178
31
38
c261
14
4
207
85
19
137
138
203
112
22
138
153
9
91
289
45
101
223
213
126
153
143
110
181
111
53
c262
14
4
139
119
199
46
151
41
116
103
137
172
93
58
132
104
97
87
108
155
97
126
226
352
95
65
23
c263
15
4
231
143
142
71
80
116
80
164
232
209
79
202
143
74
203
135
147
66
104
140
104
196
c264
15
4
111
180
146
136
75
195
174
111
186
275
105
235
142
156
26
120
161
48
119
140
136
85
c265
15
4
235
93
302
61
102
73
253
126
180
143
79
59
81
87
181
197
78
139
160
186
193
185
c266
17
4
121
164
174
71
103
155
200
123
116
240
272
357
185
107
37
274
150
32
5
182
c267
17
4
130
167
241
230
52
225
120
39
152
179
166
43
102
93
98
40
196
163
33
70
89
149
61
111
128
91
30
c268
17
4
97
143
140
219
129
152
190
136
155
200
131
30
52
55
68
284
119
137
228
199
140
67
244
18
c269
12
4
48
75
174
105
156
131
61
107
91
175
32
137
139
109
107
222
125
58
206
318
177
151
103
c270
12
4
131
84
78
26
196
150
122
52
30
79
89
128
148
183
137
68
117
109
143
198
164
76
122
163
109
138
c271
12
4
105
104
239
171
5
124
176
169
168
225
102
80
108
107
145
139
62
142
198
130
242
64
50
c272
12
4
63
204
120
244
23
142
57
204
122
132
106
35
11
129
160
8
153
197
91
104
108
158
25
193
89
180
c273
14
4
107
67
150
73
130
82
80
142
120
114
90
102
86
100
68
134
205
159
187
53
201
23
223
187
162
c274
14
4
93
100
23
195
61
218
118
189
35
223
112
74
72
208
84
116
127
106
118
68
207
84
148
83
218
106
c275
16
4
217
102
145
123
97
109
91
68
162
276
144
77
57
100
123
157
136
6
101
207
88
81
171
74
71
30
c276
16
4
86
70
8
139
59
233
148
101
79
65
239
62
133
105
187
110
91
50
104
203
156
107
180
154
60
71
85
c277
16
4
136
151
197
142
80
152
136
49
64
137
44
188
65
7
179
16
188
29
127
66
97
77
86
59
107
114
148
46
173
50
c278
10
4
115
207
38
123
199
34
146
163
114
28
123
108
195
29
90
117
192
175
122
85
124
98
31
195
51
112
71
c279
10
4
5
98
137
87
132
104
130
203
108
124
222
88
191
95
79
198
142
48
220
59
161
136
167
128
111
95
18
74
c280
12
4
90
125
118
201
97
122
138
48
97
100
188
57
97
115
77
80
116
126
162
131
106
113
156
107
99
60
72
60
c281
12
4
89
134
114
77
105
127
158
68
32
107
245
104
175
90
90
89
102
121
211
194
109
69
206
97
120
84
c282
18
4
158
213
41
96
241
109
54
171
159
86
32
49
51
16
127
134
237
120
160
180
114
131
58
111
37
114
77
c283
18
4
121
112
155
121
135
94
113
172
122
179
191
158
161
132
73
206
65
68
71
103
126
151
140
47
57
c284
18
4
106
59
77
170
105
52
176
239
86
56
17
30
95
51
177
43
116
112
139
76
188
71
94
120
120
151
116
69
82
67
65
c285
18
4
85
43
63
158
41
30
89
20
126
9
133
141
151
129
119
31
10
87
96
66
79
9
56
138
154
123
97
74
153
179
93
99
84
71
60
c286
23
4
84
123
69
122
92
92
121
192
217
247
284
205
188
54
148
244
142
227
32
128
41
c287
23
4
32
163
128
55
71
127
89
155
61
144
130
76
80
76
102
151
27
120
65
104
142
109
63
134
108
197
126
147
124
31
c288
13
4
74
116
194
50
178
189
87
110
201
164
98
126
127
124
92
181
242
127
191
137
136
100
c289
13
4
67
57
95
133
103
113
100
303
132
19
129
97
32
144
111
131
46
118
113
78
70
38
158
147
149
200
62
132
25
c290
12
4
110
159
146
84
48
135
179
182
149
145
80
73
124
215
174
92
63
125
61
61
59
89
145
81
46
64
63
94
c291
12
4
173
131
43
62
118
54
87
66
74
63
93
72
49
56
88
102
134
131
102
29
110
114
76
130
101
210
145
125
171
124
c292
16
4
392
94
159
56
164
175
129
278
209
99
109
83
132
83
292
417
61
178
c293
16
4
137
154
122
67
155
94
135
77
128
74
12
181
204
90
118
104
145
182
113
101
73
90
64
319
96
c294
16
4
98
49
82
200
83
67
120
157
36
144
61
71
126
133
185
261
128
209
111
141
183
209
151
99
165
146
153
95
140
107
72
5
131
19
c295
15
4
181
73
131
177
107
106
84
145
232
178
215
136
164
162
343
120
144
125
204
21
c296
15
4
98
218
225
39
150
113
169
71
151
93
53
67
60
150
76
196
101
12
5
239
128
5
113
107
123
37
84
72
126
19
c297
11
4
191
80
115
100
72
219
58
96
88
71
21
15
87
60
157
170
115
127
218
147
251
288
68
114
53
97
c298
11
4
123
197
82
190
134
94
128
69
124
7
36
91
62
151
115
100
162
100
154
74
92
332
88
108
159
109
c299
14
4
116
122
137
153
171
79
129
128
140
77
130
140
204
175
37
156
167
62
62
211
273
155
29
c300
14
4
86
177
215
104
102
182
107
121
130
123
90
118
136
80
153
45
166
132
193
82
117
135
124
54
161
c301
17
4
352
70
61
142
124
71
138
99
77
148
106
74
313
129
225
184
201
199
123
113
126
14
c302
17
4
224
147
92
80
112
106
190
99
105
52
171
67
19
245
61
35
17
52
200
151
156
253
122
60
93
85
67
73
c303
18
4
151
6
84
82
36
249
48
19
12
117
124
156
143
227
110
161
99
167
206
252
23
88
6
236
6
118
83
146
120
c304
18
4
32
57
173
341
197
151
185
48
62
138
80
72
8
27
53
50
38
45
153
71
65
114
57
50
182
163
102
159
22
99
32
c305
12
4
87
168
201
55
162
178
88
236
229
181
123
83
58
149
131
140
205
122
136
98
137
102
c306
12
4
107
98
92
155
56
41
65
113
100
93
254
98
69
104
91
107
42
133
104
44
107
178
149
104
111
78
44
155
119
134
123
123
101
103
114
63
286
c307
16
4
110
81
142
178
167
249
130
104
89
125
78
147
74
66
115
264
190
202
139
72
72
78
148
172
c308
16
4
57
118
94
191
57
309
62
86
114
195
56
133
108
110
195
70
28
175
60
80
199
89
120
142
238
171
36
35
16
c309
13
4
59
152
96
139
158
38
144
65
19
70
226
222
173
153
277
65
110
166
154
102
155
176
100
193
c310
13
4
88
80
113
133
197
91
167
178
47
131
166
75
50
56
124
29
95
140
270
101
111
119
96
95
92
179
88
c311
13
4
89
143
122
95
200
110
141
68
100
122
85
98
81
71
155
109
134
9
147
97
106
113
195
114
28
165
30
58
79
c312
13
4
118
103
127
44
65
11
235
155
58
98
182
86
59
37
223
103
164
97
120
21
39
368
106
169
46
126
114
107
c313
13
4
159
107
117
134
131
67
39
190
51
79
67
60
175
165
80
120
87
93
145
151
104
137
133
244
171
17
227
146
62
c314
15
4
97
142
139
106
75
203
109
108
113
58
265
44
106
114
119
131
146
80
68
110
136
83
37
70
152
224
73
65
62
c315
15
4
57
151
68
53
112
77
200
278
99
146
69
43
57
54
152
137
124
71
72
260
61
69
46
186
15
116
27
104
142
c316
15
4
24
67
98
153
224
39
222
86
148
195
142
293
126
154
281
150
16
30
c317
11
4
83
121
57
148
75
97
136
42
160
112
81
47
27
111
202
136
139
46
29
58
89
76
226
156
181
179
80
99
166
157
46
91
99
53
97
77
33
112
222
77
c318
11
4
130
106
112
24
300
39
90
86
197
116
182
182
158
70
34
211
193
113
57
114
35
125
95
146
99
8
113
60
c319
10
4
83
106
106
120
136
109
105
189
82
150
23
111
27
106
61
122
31
87
222
147
63
113
5
191
201
102
125
189
c320
10
4
167
122
44
44
135
98
54
148
93
143
66
167
74
100
95
130
138
122
265
153
57
5
104
94
72
5
5
136
109
126
c321
13
4
108
34
70
114
147
128
61
194
100
148
23
176
219
118
161
70
84
182
292
39
131
116
237
152
c322
13
4
130
140
93
142
100
165
143
238
44
94
179
146
160
126
225
92
158
133
186
204
19
156
c323
13
4
187
219
110
104
121
140
144
240
22
60
115
14
126
65
265
7
164
62
308
50
161
140
306
c324
11
4
131
133
113
120
120
54
144
154
87
116
150
56
213
127
171
69
92
7
7
143
199
96
187
211
95
53
146
294
88
64
76
255
33
149
37
c325
11
4
158
145
60
73
177
68
84
187
123
207
127
130
35
244
194
117
105
128
231
111
65
90
306
75
c326
18
4
172
92
11
114
201
134
32
160
139
146
12
91
214
88
60
110
129
126
246
163
8
119
205
235
c327
18
4
173
119
140
137
123
120
132
8
171
155
68
131
93
97
154
153
31
220
83
197
99
264
75
122
77
194
59
c328
18
4
7
137
11
230
143
96
34
97
192
173
175
46
20
82
62
292
147
144
300
144
169
14
57
248
70
c329
14
4
102
157
126
144
133
176
295
182
197
21
54
161
83
148
203
178
38
14
118
112
140
207
91
39
c330
14
4
97
145
27
126
89
120
314
153
99
110
6
216
208
100
119
6
214
42
364
347
161
c331
14
4
139
116
125
33
258
102
66
82
130
7
113
253
131
120
8
135
130
124
6
121
96
85
224
140
26
186
5
145
49
c332
19
4
156
275
74
30
204
102
82
66
150
123
164
140
60
133
75
173
191
251
134
169
94
123
34
c333
19
4
118
126
160
140
208
134
124
186
102
230
156
104
77
194
106
67
151
175
114
80
84
38
123
72
125
c334
13
4
194
127
174
124
163
83
224
81
166
181
94
169
63
174
176
27
220
95
246
120
141
c335
13
4
182
202
339
176
236
203
36
110
197
76
44
182
95
213
64
98
153
97
182
167
c336
13
4
24
144
107
89
86
233
133
129
72
157
91
58
23
110
18
140
76
156
5
263
90
126
158
95
101
104
120
203
22
142
c337
10
4
233
216
212
97
86
204
38
146
137
82
141
7
139
120
189
57
185
125
107
63
190
116
199
c338
10
4
8
330
107
160
109
84
222
233
247
152
190
108
258
59
177
34
106
145
14
9
185
122
75
c339
10
4
139
135
69
213
206
270
57
158
54
22
239
13
173
114
234
161
227
5
109
72
74
120
66
161
47
c340
21
4
180
263
11
66
141
196
60
284
44
72
242
6
17
172
129
7
84
117
202
53
169
84
160
216
33
126
c341
21
4
166
252
77
266
333
30
119
136
8
116
138
24
75
188
41
127
247
71
172
59
239
128
107
c342
10
4
189
151
117
131
81
165
166
114
106
116
116
178
142
131
91
183
114
30
148
165
130
168
82
174
c343
10
4
145
25
74
48
113
82
128
188
130
218
115
48
148
106
16
198
173
354
126
114
325
203
c344
9
4
172
54
135
83
239
128
105
134
83
138
98
156
10
212
89
136
122
105
41
88
74
130
139
70
109
136
209
75
55
c345
9
4
97
110
23
79
101
82
124
175
60
52
171
76
126
120
161
82
193
207
168
98
232
66
327
131
123
93
274
148
152
c346
9
4
83
183
91
136
82
54
130
246
161
256
137
227
38
207
162
102
160
152
113
187
41
117
160
27
c347
10
4
36
101
104
65
114
115
41
137
66
164
6
104
106
24
99
105
162
173
98
127
24
196
158
213
187
121
190
30
c348
10
4
97
202
32
180
54
125
305
187
38
174
72
54
223
44
90
85
133
42
187
317
118
102
152
61
c349
10
4
16
102
87
196
94
184
210
202
16
154
165
63
131
51
94
180
116
162
146
26
135
98
50
70
198
25
169
28
72
48
63
92
125
34
41
63
20
150
109
71
146
61
62
30
24
129
189
178
290
122
168
148
13
277
124
216
141
52
9
28
126
108
158
198
161
112
164
99
189
33
197
118
153
88
85
140
127
218
142
129
89
230
147
24
c350
12
4
90
208
146
175
69
135
152
154
202
167
87
80
86
166
295
100
244
104
205
120
71
66
38
c351
12
4
219
136
149
244
175
120
125
149
217
148
125
98
186
99
139
217
262
126
77
142
c352
12
4
76
172
121
159
219
120
106
234
98
172
86
132
128
178
56
251
147
5
129
238
123
82
79
6
c353
12
4
131
124
80
37
36
62
74
137
165
213
152
103
100
190
6
84
151
69
111
133
123
119
116
12
125
107
139
176
7
122
54
29
c354
12
4
140
118
96
127
202
275
96
179
195
126
241
192
84
73
118
285
212
266
77
c355
12
4
74
101
63
188
196
127
154
134
125
165
139
159
114
185
186
150
119
188
202
7
122
30
5
166
70
6
c356
14
4
59
18
101
88
103
158
67
191
126
108
234
123
230
162
159
115
69
199
271
148
295
66
c357
14
4
184
150
102
130
182
101
130
128
190
90
238
64
136
164
148
65
99
104
120
155
203
153
292
79
72
123
54
125
120
115
195
25
c358
13
4
181
155
271
174
210
115
275
41
42
130
154
66
101
139
59
49
179
115
144
127
114
110
181
c359
13
4
171
221
125
104
138
78
116
139
53
143
125
53
37
124
90
219
19
233
144
95
135
99
10
355
35
23
c360
11
4
115
188
157
270
108
158
58
90
47
79
86
91
176
127
208
229
295
83
104
89
157
73
184
26
c361
11
4
110
143
139
63
9
42
204
233
34
145
41
52
154
118
238
61
248
5
195
231
91
5
54
45
44
60
118
108
160
c362
13
4
47
105
211
115
53
64
105
169
111
112
276
36
103
155
112
68
168
171
137
111
105
214
85
92
106
40
36
59
c363
13
4
107
117
82
231
42
211
86
197
94
138
147
96
261
218
197
60
352
134
97
139
128
c364
12
4
91
100
165
168
258
84
69
156
44
102
176
77
24
136
177
81
62
219
97
60
108
248
136
91
104
10
c365
12
4
173
117
181
131
86
123
136
160
97
237
185
173
6
111
93
221
108
142
39
281
94
86
117
6
c366
12
4
99
188
184
137
136
201
5
5
116
65
144
102
44
201
190
188
189
15
181
168
159
237
113
c367
10
4
125
99
215
5
153
155
147
217
96
54
117
164
171
90
284
10
42
162
184
119
123
7
174
10
209
c368
10
4
161
127
114
159
198
194
9
26
137
5
81
7
96
21
114
6
90
107
6
94
112
118
6
71
209
133
22
104
121
179
170
89
127
c369
10
4
5
10
126
154
238
70
55
97
159
9
61
122
133
245
117
171
157
108
240
228
94
116
112
5
5
69
137
c370
10
4
124
35
84
155
137
158
189
98
205
62
81
135
80
55
91
142
95
54
140
195
201
122
50
224
146
c371
10
4
100
188
153
220
81
222
75
70
227
21
166
221
41
235
223
145
100
76
146
166
162
30
c372
10
4
108
172
146
34
36
91
62
40
25
61
81
13
179
154
101
145
156
135
121
54
156
191
18
182
199
32
173
166
c373
10
4
49
120
210
126
114
113
120
102
139
78
165
122
184
142
111
96
173
301
194
195
33
148
110
68
99
6
c374
10
4
125
129
61
167
97
160
207
57
170
178
137
154
112
157
195
122
128
217
189
87
85
117
c375
11
4
162
37
99
96
14
9
146
321
202
189
206
124
95
188
58
62
42
142
89
115
88
144
56
182
100
108
54
c376
11
4
118
162
171
193
126
102
257
215
117
147
157
21
251
168
118
108
133
120
242
153
37
c377
12
4
131
130
95
95
29
34
89
114
51
134
92
46
36
85
53
25
89
212
61
255
104
204
93
127
70
66
230
272
c378
12
4
107
54
160
8
227
226
57
201
61
187
125
148
88
32
193
193
115
154
208
63
27
67
171
283
24
c379
12
4
184
109
152
197
160
141
83
91
151
228
99
111
53
99
117
105
186
295
53
40
45
99
199
127
30
c380
15
4
126
101
94
138
84
84
169
74
75
158
102
175
98
137
99
72
184
95
102
55
116
156
168
118
145
162
13
c381
15
4
93
25
128
91
15
38
137
87
108
120
42
191
185
127
143
88
167
80
117
75
67
28
8
133
103
60
123
109
75
152
97
108
72
34
c382
15
4
43
8
194
130
96
203
64
30
20
76
39
110
117
128
35
142
176
22
140
68
160
200
88
33
53
142
200
36
73
122
99
99
14
c383
12
4
47
166
183
154
37
156
63
162
170
110
76
186
114
40
124
132
111
299
81
129
89
62
131
100
137
27
c384
12
4
92
128
152
223
178
130
168
121
165
128
238
63
138
202
133
256
182
124
141
114
c385
12
4
26
137
98
205
224
136
134
126
53
308
113
234
155
84
77
68
100
107
81
83
113
154
140
84
16
c386
9
4
141
105
139
68
5
65
156
81
64
12
128
141
37
124
99
94
123
31
33
310
99
110
184
168
216
137
121
28
74
20
c387
13
4
130
171
64
67
164
107
92
50
234
204
169
89
163
150
179
138
154
150
164
19
164
168
34
43
c388
13
4
88
204
121
269
130
108
122
105
167
61
193
53
236
222
126
82
74
193
100
160
80
242
64
5
c389
10
4
7
63
100
149
119
76
171
169
138
86
199
251
125
76
194
83
192
126
83
139
110
47
35
108
195
80
20
c390
10
4
118
21
81
118
43
117
206
96
101
65
154
115
38
98
59
83
118
172
66
119
134
198
134
141
79
35
144
61
104
86
130
c391
10
4
50
46
92
67
74
99
100
83
54
34
54
86
103
97
95
207
90
144
98
38
180
44
45
84
133
85
72
129
233
113
45
169
83
65
39
c392
15
4
21
116
83
75
180
73
90
62
188
75
60
147
152
52
73
157
160
82
137
92
20
115
124
110
97
56
71
165
91
160
16
c393
15
4
75
121
188
231
93
45
120
118
82
155
59
96
101
113
46
128
169
157
97
143
77
28
172
96
115
218
71
c394
12
4
11
139
47
161
155
121
112
143
205
228
77
27
38
202
81
127
181
129
148
84
138
37
188
142
107
101
63
c395
12
4
170
19
76
151
108
97
63
102
50
111
46
104
13
141
194
76
131
52
86
125
50
104
125
14
245
186
136
160
126
c396
10
4
90
122
147
96
188
256
163
120
145
100
267
155
315
179
134
191
225
193
17
23
c397
10
4
102
115
129
88
183
139
91
43
190
191
159
117
111
29
163
105
193
92
145
143
125
155
83
159
135
23
c398
10
4
151
61
153
34
88
142
206
153
164
158
109
110
150
180
170
59
119
36
162
169
126
29
187
176
21
23
c399
12
4
130
134
148
150
146
81
62
137
49
40
259
37
350
89
70
72
108
160
166
136
5
103
175
50
170
73
c400
12
4
175
62
294
192
96
40
84
99
155
106
146
158
69
190
104
213
200
171
149
69
18
68
117
68
c401
14
4
102
36
91
23
84
126
152
98
9
135
98
134
101
15
223
76
233
67
168
10
41
132
189
57
190
135
48
107
109
14
39
24
46
20
c402
14
4
65
109
111
56
122
181
142
139
147
216
242
196
237
117
120
197
141
120
243
182
60
c403
12
4
86
109
223
214
199
62
138
26
166
51
31
100
20
100
181
118
188
124
134
128
91
54
104
122
51
220
59
112
c404
12
4
172
143
167
117
133
5
136
239
180
76
39
118
105
152
109
134
43
86
167
194
310
107
220
c405
12
4
87
80
134
115
47
167
42
5
74
109
74
217
132
65
154
122
117
167
136
131
185
150
32
113
171
28
126
167
c406
12
4
70
174
160
70
75
6
162
95
183
274
38
115
102
133
143
147
111
36
89
63
26
237
90
121
63
83
117
243
c407
17
4
102
112
120
143
162
209
60
87
70
28
344
113
143
141
173
19
84
181
169
86
150
216
101
120
c408
17
4
72
90
39
166
46
141
208
201
131
207
141
153
158
194
110
174
182
99
172
160
183
54
181
35
11
7
c409
14
4
33
203
194
91
169
142
114
102
95
111
179
69
86
53
120
93
112
68
95
100
100
35
99
135
219
104
136
91
216
127
19
27
c410
12
4
146
40
113
140
65
109
48
40
187
136
98
153
135
145
101
103
111
101
92
138
148
199
95
141
156
104
98
187
150
9
68
93
79
111
80
15
9
160
39
43
c411
12
4
24
81
154
172
230
23
20
181
165
81
192
67
117
139
141
108
60
138
180
150
112
185
217
149
169
48
5
56
c412
7
4
102
77
51
46
208
147
222
69
105
112
109
205
97
28
51
59
91
77
75
81
96
32
119
65
211
35
109
32
162
110
87
95
83
44
402
57
30
112
187
65
30
c413
7
4
82
140
126
91
103
112
165
296
87
59
77
84
116
16
210
304
132
187
138
129
42
65
173
28
37
77
15
42
67
109
66
82
166
260
58
181
82
c414
19
4
111
40
117
173
79
224
97
111
135
154
97
98
156
101
102
59
93
132
95
72
60
74
200
171
127
48
86
107
114
11
121
c415
19
4
136
122
158
121
93
104
113
69
151
70
86
115
163
131
5
5
5
283
13
152
165
69
176
116
125
69
115
6
94
164
c416
12
4
79
120
152
8
124
171
209
112
78
109
77
63
54
47
110
5
134
165
157
117
106
32
138
51
91
120
98
86
112
100
153
67
c417
12
4
39
92
114
87
84
53
236
126
17
74
59
136
84
51
172
168
93
115
76
147
50
8
33
67
258
74
88
32
112
169
62
7
6
6
6
111
91
97
32
79
79
102
108
135
87
81
105
c418
12
4
11
117
118
95
131
57
98
26
208
78
98
172
139
143
122
214
121
136
168
6
105
136
98
107
88
162
151
117
75
124
74
197
69
97
137
152
c419
12
4
7
139
152
164
157
6
91
174
49
190
146
22
162
53
147
93
66
123
99
75
85
136
48
123
143
5
108
161
156
41
22
c420
16
4
94
5
179
166
130
57
179
133
147
116
75
11
116
164
177
7
173
59
86
69
83
193
72
96
104
152
171
66
54
c421
16
4
9
115
173
136
102
121
87
121
69
51
52
101
39
142
125
106
167
87
224
154
82
31
74
22
154
164
31
229
79
137
63
5
c422
20
4
130
53
142
126
76
174
128
182
78
90
203
151
94
142
91
72
91
132
148
109
29
115
90
22
64
149
35
145
6
170
c423
20
4
23
114
73
83
121
134
187
174
64
71
98
149
62
189
110
97
207
178
59
136
155
149
35
51
106
139
96
102
13
c424
19
4
65
158
150
143
158
80
56
74
97
259
97
86
225
148
128
100
6
84
115
51
49
67
162
59
224
62
112
58
c425
19
4
191
64
120
183
162
96
100
111
17
111
116
61
66
91
108
199
189
160
100
115
187
137
125
101
103
75
98
c426
12
4
117
218
156
69
135
140
80
98
67
126
164
63
73
115
119
114
55
136
158
45
80
181
109
87
169
55
88
42
c427
12
4
31
144
27
52
88
110
99
230
30
52
14
57
37
12
14
3
105
136
95
31
111
30
75
117
118
20
176
161
37
83
151
79
60
81
110
52
29
94
61
66
c428
12
4
16
172
118
140
62
65
64
36
75
97
110
46
94
87
63
50
100
193
143
169
73
94
146
111
62
205
161
190
89
118
148
71
63
17
c429
15
4
54
158
115
136
162
221
117
113
76
22
33
77
82
178
128
18
198
242
40
299
190
63
35
75
90
155
c430
15
4
121
77
83
70
69
44
67
69
109
81
114
25
150
21
132
71
91
106
83
61
213
131
86
83
73
62
73
102
34
103
175
192
157
46
c431
13
4
119
102
102
85
114
103
132
112
231
105
69
87
125
146
41
114
57
76
23
66
84
147
27
96
131
114
144
76
59
98
130
c432
13
4
96
42
81
142
130
127
162
25
151
188
172
133
276
83
113
82
229
160
69
33
34
42
197
65
137
140
c433
16
4
124
154
88
58
42
85
42
79
76
120
133
118
87
141
104
30
194
109
61
63
158
75
72
324
118
49
215
115
87
c434
16
4
97
108
160
49
86
131
79
147
154
232
167
72
161
143
36
67
84
219
103
39
108
123
185
141
165
c435
16
4
117
93
152
151
159
5
123
8
250
173
90
194
118
155
64
82
155
119
10
118
46
103
100
250
84
212
30
53
c436
22
4
37
162
139
35
97
46
60
138
41
166
55
173
223
250
101
154
72
193
74
68
81
161
187
76
108
89
108
c437
22
4
153
137
111
108
145
110
87
106
122
97
92
120
92
272
5
84
47
127
29
217
198
177
148
170
91
c438
12
4
99
121
77
116
122
148
112
107
142
141
55
131
45
173
153
187
126
88
87
6
110
152
168
33
124
234
c439
12
4
114
5
165
112
190
179
148
143
134
60
120
144
97
133
123
153
35
125
188
145
10
199
21
132
5
59
48
93
c440
14
4
143
186
53
134
197
62
66
103
131
56
48
141
103
85
131
79
93
54
34
118
27
134
69
120
55
44
49
74
60
55
44
102
118
102
c441
14
4
169
43
115
138
163
119
55
122
120
67
114
122
137
70
157
94
53
119
120
87
104
220
66
63
45
229
75
73
139
c442
10
4
131
227
128
134
91
163
145
114
168
116
169
74
85
69
11
89
196
44
30
95
141
140
121
91
122
7
200
70
c443
10
4
81
107
97
78
150
97
97
72
280
88
24
135
250
98
155
67
102
46
167
72
200
38
127
220
103
233
34
10
51
c444
12
4
105
32
31
34
153
68
176
121
130
94
106
25
139
88
93
106
187
98
75
123
91
77
115
177
72
116
71
34
62
114
20
125
c445
12
4
105
43
208
53
151
121
59
290
185
32
21
98
79
132
100
243
102
43
131
147
54
91
186
22
295
68
c446
11
4
168
141
57
125
82
112
140
52
135
50
46
108
47
156
59
66
39
101
115
33
53
98
98
37
70
102
141
70
92
78
115
90
115
84
25
c447
11
4
84
36
64
167
135
116
80
154
165
59
131
186
125
153
72
80
125
131
86
163
13
126
153
68
232
92
39
c448
12
4
99
134
136
162
135
43
216
58
68
66
161
208
185
94
140
114
106
173
64
120
96
84
112
158
101
61
c449
12
4
131
128
97
21
90
146
101
145
143
162
144
178
135
102
19
107
93
106
157
90
179
152
138
102
85
54
95
c450
12
4
49
84
201
81
216
5
55
203
88
47
171
62
152
143
109
41
28
80
140
98
115
149
35
101
86
184
151
176
81
36
74
53
11
c451
12
4
64
112
33
96
118
32
105
58
125
239
7
189
70
67
21
126
62
87
60
86
126
77
101
181
64
65
143
106
33
116
80
39
80
11
51
c452
12
4
91
102
137
121
149
98
128
57
135
71
136
63
83
141
61
115
178
179
48
91
155
127
121
134
127
110
18
56
c453
13
4
101
93
91
76
133
39
63
52
80
95
145
157
110
125
73
45
93
146
99
49
78
90
69
21
26
192
124
170
56
131
57
196
127
c454
13
4
176
39
134
86
132
71
94
120
42
56
297
195
199
61
99
83
115
51
134
125
94
117
129
111
110
114
122
84
c455
13
4
94
113
122
116
120
122
148
212
44
142
106
151
81
78
114
64
214
115
96
115
74
83
223
322
c456
13
4
108
98
132
111
138
129
99
113
63
10
39
65
94
57
210
20
87
93
103
180
121
89
93
150
107
111
162
144
72
201
40
40
c457
19
4
109
217
153
136
138
104
66
182
102
121
60
78
142
56
194
126
123
106
71
176
114
150
49
103
200
96
22
c458
19
4
87
70
75
91
124
65
13
57
52
132
21
29
106
7
214
13
136
94
84
138
85
51
28
32
187
157
58
42
41
92
132
115
152
38
68
21
99
100
43
43
58
68
47
141
c459
15
4
72
139
34
153
65
189
197
204
162
105
122
38
136
56
268
93
83
195
23
198
130
151
86
110
9
c460
15
4
165
174
8
64
142
69
96
77
66
48
183
118
110
165
5
153
11
149
259
48
115
182
105
124
138
169
83
106
c461
21
4
148
101
5
94
173
197
198
88
110
40
137
21
24
85
58
27
87
59
28
72
83
112
165
139
56
63
114
73
114
116
145
82
99
17
154
c462
21
4
130
138
73
170
80
119
67
87
175
106
58
44
43
46
19
182
201
254
27
5
154
38
213
169
97
46
38
125
88
96
104
14
19
c463
19
4
107
65
42
148
102
135
82
168
113
88
88
150
148
136
163
187
40
37
17
206
76
59
58
162
33
184
18
98
67
112
c464
19
4
100
172
216
249
72
78
137
127
138
45
147
71
69
72
84
68
64
73
23
10
123
135
84
71
43
121
93
118
159
106
c465
18
4
225
151
49
239
29
139
103
122
147
140
21
145
47
308
200
275
79
224
88
167
76
156
35
9
c466
18
4
44
143
117
62
29
111
199
158
60
132
126
84
6
177
84
107
246
35
13
113
58
62
52
258
142
23
157
115
70
84
c467
21
4
141
89
101
170
104
189
10
64
122
33
181
127
67
71
42
78
225
66
85
63
92
110
63
73
36
33
148
111
237
120
28
41
c468
21
4
130
108
117
110
104
93
97
14
158
161
119
142
30
93
14
110
137
15
130
222
160
18
90
170
90
97
124
64
42
51
163
c469
21
4
86
93
150
87
36
60
90
47
42
80
105
85
48
26
134
57
121
92
28
110
80
37
88
82
65
38
37
90
193
39
30
110
29
124
27
110
84
90
78
124
c470
21
4
61
102
54
109
100
160
35
146
44
125
34
35
42
147
142
53
184
157
63
107
102
70
96
112
101
146
94
79
95
160
13
74
26
c471
12
4
85
157
36
90
105
120
100
35
82
81
176
66
88
85
93
125
84
112
141
157
95
166
11
154
134
114
192
10
121
51
45
c472
12
4
76
149
145
146
152
127
38
83
129
125
81
24
62
24
122
116
6
17
217
78
101
52
153
53
125
102
166
101
13
149
143
c473
21
4
98
78
71
184
63
322
50
129
192
59
240
63
289
212
57
47
183
41
322
121
247
6
33
c474
21
4
106
27
107
112
171
32
150
57
182
198
125
152
244
102
47
205
133
81
74
112
56
100
108
5
60
135
96
68
56
c475
19
4
45
127
31
14
28
97
125
91
151
183
150
13
66
5
91
12
125
168
145
33
96
138
6
5
124
82
5
165
229
5
12
112
207
5
12
145
122
60
54
60
9
c476
19
4
114
155
56
167
150
123
79
53
47
104
74
9
19
165
26
11
159
219
16
60
5
146
133
90
28
67
74
103
28
139
237
57
289
59
c477
19
4
40
156
63
66
121
175
111
221
211
149
35
169
98
41
229
151
98
67
114
66
215
21
149
176
32
74
c478
14
4
223
110
198
15
141
83
43
82
98
209
46
136
28
149
114
143
15
18
16
65
69
62
13
97
104
83
109
263
124
155
86
81
5
96
c479
14
4
109
74
106
111
138
81
55
99
122
35
166
27
118
131
85
9
93
65
100
78
89
50
75
108
99
132
134
174
93
84
117
100
82
c480
14
4
204
200
87
180
17
104
131
104
84
115
52
58
87
125
86
166
93
82
86
201
35
99
63
182
72
130
24
121
71
41
39
c481
17
4
39
86
74
116
121
154
102
35
9
169
10
164
89
92
65
57
161
75
76
80
49
25
68
132
65
44
12
112
115
79
44
50
65
128
123
64
150
61
13
64
c482
17
4
94
25
179
59
83
125
34
99
117
233
200
132
69
82
61
56
58
33
77
90
87
45
115
58
c483
17
4
44
109
116
58
52
110
100
58
102
163
82
9
139
94
182
126
170
95
99
158
144
91
121
101
139
79
151
119
88
101
62
25
c484
17
4
133
112
135
169
118
96
128
101
85
172
17
156
122
75
104
61
41
74
38
32
40
242
88
58
46
52
63
105
185
194
123
107
131
124
229
5
114
42
67
70
49
c485
17
4
46
150
68
35
291
103
111
16
190
111
143
193
107
75
81
152
220
95
120
192
146
195
111
66
9
118
73
c486
16
4
123
121
73
104
129
119
107
60
99
75
138
196
105
31
130
170
229
150
203
112
338
29
114
50
220
c487
16
4
57
11
113
118
30
153
110
151
51
39
101
117
89
118
174
476
179
82
45
147
81
36
40
140
75
157
123
74
24
c488
16
4
10
119
130
75
109
51
68
194
36
168
24
77
108
115
92
141
20
42
31
216
142
140
60
16
113
28
8
51
252
107
41
124
81
91
c489
15
4
83
147
149
87
134
60
189
48
101
181
125
9
60
111
112
119
171
172
108
143
25
224
102
54
94
24
96
61
86
c490
12
4
100
88
109
136
140
122
76
68
132
53
110
78
145
194
46
130
99
188
90
80
141
79
97
150
125
167
241
15
144
c491
12
4
121
193
207
197
80
91
91
70
80
94
118
115
142
113
76
118
282
314
248
157
133
32
c492
15
4
162
46
164
23
167
5
46
128
129
107
117
165
196
83
27
158
103
225
30
214
37
47
173
209
116
149
c493
15
4
112
46
155
115
86
46
159
16
69
189
262
85
167
56
122
189
225
109
69
197
103
73
40
187
66
207
c494
17
4
157
179
242
175
115
120
57
69
44
102
173
64
58
136
42
67
158
73
214
121
122
88
91
233
114
60
25
c495
17
4
70
66
34
129
12
114
236
154
183
153
111
12
9
135
130
83
113
83
90
162
191
101
116
268
64
15
24
44
15
48
65
59
29
c496
15
4
106
68
56
27
84
99
82
65
66
87
186
37
198
100
30
80
101
78
80
19
65
150
115
82
68
180
153
250
98
113
152
c497
15
4
62
116
28
128
118
96
101
184
142
198
115
201
111
165
147
118
122
123
174
148
64
89
230
12
97
c498
15
4
179
177
60
32
172
116
18
123
193
164
258
210
102
108
60
208
120
99
109
253
117
74
145
71
c499
15
4
94
64
108
74
86
53
84
109
220
199
145
164
203
101
225
209
179
129
78
199
135
153
c500
15
4
170
120
155
128
194
186
142
144
68
115
152
62
159
246
261
40
148
113
226
99
121
37
c501
15
4
239
140
112
155
11
132
136
169
177
116
34
131
137
111
123
155
162
131
122
272
44
212
115
72
81
275
305
145
c502
15
4
82
239
197
123
47
142
6
224
190
113
94
59
211
91
83
107
180
177
177
112
119
140
126
32
219
c503
15
4
131
223
12
22
166
111
153
75
250
104
61
145
102
45
186
49
238
214
44
85
178
255
95
141
c504
12
4
15
66
127
96
177
124
70
221
144
191
151
121
146
101
100
120
64
26
104
111
109
67
54
41
68
38
182
26
72
131
56
c505
12
4
166
16
211
209
134
180
308
162
133
288
196
201
71
122
161
47
229
104
41
155
61
c506
14
4
136
140
45
77
106
93
136
29
209
186
30
151
11
158
118
46
72
44
60
99
122
116
52
147
120
299
134
117
88
c507
14
4
142
101
11
136
148
64
146
115
9
71
74
100
149
106
51
71
82
8
38
89
96
124
86
68
79
128
20
69
146
21
23
88
42
c508
15
4
128
130
99
110
82
186
126
6
146
81
6
152
113
102
93
46
37
103
42
39
55
167
164
117
318
79
224
104
79
21
37
23
154
70
26
119
71
122
35
154
51
58
23
51
134
46
274
75
166
225
124
6
150
10
185
148
184
99
c509
11
4
111
259
127
187
96
202
136
114
38
44
157
118
128
163
6
238
191
276
54
100
132
79
142
69
c510
11
4
56
152
23
200
27
143
235
79
146
236
178
89
157
162
223
136
96
102
5
94
75
154
209
164
20
34
c511
12
4
13
97
9
78
132
145
72
123
67
204
73
119
62
122
105
81
191
129
147
107
178
179
105
12
111
104
11
113
11
196
121
13
c512
12
4
160
211
5
88
143
114
165
205
9
93
5
128
183
35
121
140
5
285
94
71
192
19
12
22
179
5
164
43
33
128
29
35
c513
16
4
54
180
187
152
87
143
137
38
114
117
171
19
111
108
180
183
142
170
80
29
162
133
117
6
210
38
51
c514
16
4
125
109
7
136
5
224
164
68
340
179
95
31
137
91
198
50
120
28
133
243
90
113
16
158
5
166
33
c515
16
4
140
54
53
91
86
114
205
113
203
5
154
85
182
151
104
93
206
5
97
89
86
159
71
117
62
81
139
5
117
62
69
100
c516
17
4
8
73
77
71
93
82
104
192
175
130
82
183
152
43
112
127
131
95
90
210
124
194
162
108
113
145
17
c517
17
4
199
163
196
110
77
42
196
158
112
155
93
185
170
128
164
165
158
269
89
182
168
50
109
16
101
c518
17
4
208
145
81
138
162
158
144
163
118
147
25
193
28
142
62
168
129
257
91
116
197
59
202
132
58
148
228
127
104
47
139
6
60
24
28
c519
12
4
145
19
92
123
90
86
186
116
14
170
95
13
118
169
140
74
193
234
67
59
27
44
85
99
307
47
283
76
45
c520
12
4
105
117
146
189
347
253
33
126
184
8
227
174
62
78
325
146
113
23
220
100
59
76
c521
12
4
101
46
13
109
151
60
57
97
191
85
158
80
132
80
162
210
26
25
131
212
22
66
67
101
124
99
108
113
77
123
40
109
14
c522
19
4
122
30
69
129
174
93
177
25
138
20
114
123
14
108
107
103
63
143
123
42
138
101
59
131
32
148
69
108
147
72
186
80
c523
19
4
40
153
57
142
84
55
104
41
151
34
110
155
151
81
126
42
24
342
59
82
71
71
87
24
49
36
c524
19
4
80
185
25
99
66
138
114
91
65
296
215
79
102
122
38
134
80
129
206
222
258
168
210
37
c525
14
4
141
160
272
8
162
133
124
11
201
95
5
111
5
37
161
29
118
159
114
79
145
29
64
69
94
168
95
21
68
29
c526
14
4
78
83
43
79
100
125
157
45
140
65
70
119
131
118
119
142
183
85
32
66
228
256
100
214
102
173
67
53
c527
12
4
124
168
117
140
136
202
192
161
174
97
21
242
5
14
98
18
59
59
44
69
56
146
101
55
106
75
96
30
39
30
73
88
113
36
c528
12
4
127
149
72
180
121
164
163
225
108
159
130
165
120
120
105
88
73
96
216
153
142
92
99
114
120
c529
12
4
157
111
70
195
5
175
98
70
48
120
120
6
114
108
94
102
79
62
66
219
85
120
57
88
110
39
104
46
163
159
37
279
c530
12
4
21
130
406
77
130
134
107
175
406
163
72
325
66
71
18
194
239
175
20
105
149
15
c531
12
4
136
109
194
61
23
44
52
211
77
124
29
131
100
178
138
57
92
134
69
119
74
123
38
139
100
64
87
144
124
21
100
39
94
c532
12
4
147
191
29
78
215
39
116
48
150
24
31
230
100
84
83
81
51
95
69
100
75
145
195
198
30
119
156
4
124
60
120
131
26
c533
19
4
129
67
75
96
98
118
43
179
90
30
45
107
113
55
27
232
83
162
89
104
136
162
177
95
162
106
128
70
152
70
c534
19
4
178
156
156
119
119
23
154
19
70
41
135
62
35
80
91
92
89
13
123
145
221
40
69
114
114
159
55
87
66
139
102
48
c535
12
4
114
158
53
155
165
161
114
148
137
215
46
128
219
92
115
43
99
50
99
66
123
93
106
95
47
106
119
c536
12
4
7
103
133
139
114
5
100
146
176
154
197
34
14
112
118
119
78
184
142
34
70
60
11
24
65
35
c537
13
4
59
79
52
71
146
36
44
99
49
28
60
144
109
87
20
100
127
50
63
266
111
120
88
12
70
74
63
79
60
77
72
6
110
122
100
138
22
54
c538
13
4
92
143
109
98
83
110
58
16
119
76
126
139
118
57
162
182
75
81
57
67
122
9
34
174
32
213
72
127
86
116
74
64
73
53
55
50
c539
12
4
94
32
36
139
85
41
174
139
43
134
154
170
41
49
134
99
109
92
119
84
120
34
95
154
190
94
97
146
30
44
105
c540
12
4
192
74
98
183
106
108
95
204
130
134
119
119
125
102
115
152
123
64
123
185
147
106
89
186
42
67
c541
11
4
118
201
41
94
60
109
37
9
28
9
42
8
78
29
91
56
120
148
103
33
107
54
95
67
133
147
194
289
124
129
93
123
149
c542
11
4
125
121
55
120
117
155
140
83
179
129
122
231
179
78
49
95
205
126
101
105
10
100
76
37
9
11
174
146
c543
11
4
120
138
93
113
68
286
214
250
233
25
94
105
123
127
229
144
98
136
134
207
143
56
62
c544
18
4
166
115
91
110
63
103
125
126
123
16
118
42
142
186
103
76
30
142
148
41
148
85
39
59
117
6
181
93
84
114
108
64
15
51
20
c545
18
4
111
164
8
225
101
7
110
61
206
137
206
120
160
123
147
60
102
166
142
206
199
48
12
160
9
70
118
45
c546
18
4
81
121
141
171
194
6
137
138
119
172
116
167
26
243
63
93
105
112
53
134
22
44
175
121
52
186
139
10
78
69
71
17
c547
18
4
86
123
84
52
92
112
126
162
33
236
85
120
110
115
9
266
53
27
98
97
76
52
53
56
56
9
15
66
211
188
148
165
49
88
178
c548
18
4
30
124
134
130
142
200
92
158
79
83
212
97
174
83
125
7
153
7
90
77
14
176
102
294
161
133
c549
18
4
120
91
121
32
88
114
144
116
145
112
150
67
34
129
98
119
175
276
94
141
14
160
178
176
155
c550
18
4
170
112
39
69
21
31
61
45
117
268
125
41
127
124
113
18
293
63
161
80
169
195
161
210
67
167
c551
18
4
155
81
86
128
163
8
126
143
199
152
139
134
188
224
71
89
117
330
41
134
138
72
156
c552
18
4
285
148
208
62
152
174
105
120
188
155
123
80
153
82
46
113
6
122
89
83
31
27
15
140
75
129
214
c553
18
4
106
113
106
130
73
149
207
64
31
122
111
87
135
106
167
47
115
66
145
78
82
131
126
34
241
139
73
99
c554
19
4
160
182
332
164
16
58
88
166
78
156
115
194
159
95
87
100
145
222
280
141
109
c555
19
4
253
30
173
18
9
33
38
62
126
22
113
47
183
19
97
23
86
93
86
15
181
149
143
43
66
14
109
118
138
62
50
161
180
57
101
222
93
50
c556
10
4
149
140
98
99
172
113
206
168
156
56
209
178
104
40
132
74
88
29
35
103
180
15
181
81
202
17
21
73
74
53
40
c557
10
4
67
267
300
217
188
106
29
91
60
93
130
161
192
123
52
212
110
120
63
114
87
107
80
54
91
19
c558
16
4
125
118
12
39
30
100
118
99
205
120
17
175
48
29
18
269
28
94
137
79
142
104
171
202
29
118
87
32
196
112
122
21
102
51
8
c559
16
4
140
49
69
108
119
27
87
96
78
5
94
69
70
161
276
31
131
103
191
10
156
33
134
8
102
103
30
53
49
52
6
108
5
138
29
110
14
10
c560
13
4
145
188
83
29
52
30
115
42
83
71
110
39
83
48
151
109
74
180
91
24
161
50
100
58
117
29
125
110
168
57
c561
13
4
144
147
109
49
47
76
144
92
44
368
107
64
63
6
48
17
102
10
60
66
158
41
180
59
124
83
48
176
8
214
67
125
62
42
c562
13
4
117
73
28
116
19
5
34
34
31
32
120
70
105
57
75
102
88
170
104
184
28
148
221
126
148
143
93
121
82
66
121
122
77
186
46
174
73
7
113
130
99
42
80
132
109
133
104
141
54
91
98
91
127
12
32
20
170
39
88
128
145
12
76
218
115
137
49
95
54
36
c563
17
4
113
59
31
29
80
151
15
56
37
8
69
162
102
129
37
64
191
116
136
150
128
37
103
43
145
110
158
183
219
37
138
c564
17
4
120
22
100
12
11
69
48
88
145
32
71
246
98
126
182
124
128
134
171
64
155
146
75
71
87
98
7
268
32
294
c565
17
4
220
104
17
178
84
110
141
22
136
34
98
63
216
189
218
65
58
98
69
27
202
233
49
111
246
53
c566
16
4
81
74
134
44
212
92
134
125
50
25
8
110
223
55
32
7
118
45
131
36
196
150
136
74
50
158
20
57
116
59
72
127
130
51
32
109
11
c567
16
4
109
151
126
95
88
123
53
66
71
161
6
112
56
108
126
154
126
62
134
176
185
137
114
90
64
109
161
120
74
21
c568
13
4
176
131
222
153
28
330
38
234
124
150
165
140
67
172
83
61
77
85
133
104
149
157
139
58
c569
13
4
29
189
85
147
14
138
83
64
85
249
167
75
86
130
118
128
162
150
45
135
48
120
170
190
86
161
30
91
21
18
c570
19
4
177
52
34
6
136
196
69
162
256
156
157
48
114
65
85
121
25
9
153
70
206
98
56
127
105
222
21
50
196
55
10
69
c571
19
4
88
38
24
174
195
83
156
138
128
116
7
81
28
138
110
139
175
66
213
12
200
217
199
133
134
105
16
77
107
14
42
c572
19
4
53
61
119
148
116
200
94
107
185
221
170
158
133
21
171
37
145
118
52
137
69
135
52
5
151
225
c573
19
4
80
124
167
111
116
102
18
26
126
91
54
244
81
32
182
110
28
193
111
252
124
213
32
122
82
233
235
29
c574
19
4
40
23
147
182
169
201
255
174
139
40
69
102
212
99
131
253
105
109
215
261
57
70
72
32
c575
10
4
25
103
70
263
173
29
211
66
58
175
122
186
81
114
71
138
87
208
129
175
100
158
137
52
104
13
c576
10
4
172
119
90
159
65
106
184
206
159
103
118
51
26
134
126
237
24
96
142
17
189
64
179
56
91
55
24
237
c577
10
4
133
96
109
161
152
148
94
207
9
19
188
28
134
83
232
19
13
223
269
171
42
339
167
103
c578
10
4
64
131
208
104
80
236
135
120
174
122
123
95
96
74
159
48
188
189
12
93
217
143
170
12
76
125
c579
10
4
96
143
232
143
126
52
44
224
103
82
52
74
229
233
203
199
232
151
241
182
c580
10
4
132
106
207
15
250
250
116
99
104
97
99
151
75
235
111
81
147
18
40
99
134
206
155
75
156
c581
16
4
191
125
74
130
95
233
22
162
71
30
207
41
132
8
41
33
91
26
186
33
219
31
88
85
56
8
325
82
174
39
31
c582
16
4
61
65
33
31
132
169
108
164
37
208
26
175
180
96
123
126
201
114
167
210
101
132
95
87
53
88
70
161
c583
16
4
90
56
83
162
171
186
142
82
269
265
247
150
45
114
36
144
147
87
244
93
145
197
c584
15
4
151
255
164
126
19
105
32
51
65
93
124
97
278
31
72
116
110
8
248
140
58
84
80
85
59
134
70
174
11
42
c585
15
4
176
189
19
64
87
117
126
118
145
70
93
127
100
23
33
211
95
122
160
65
40
29
177
66
11
157
111
146
142
53
98
7
114
c586
15
4
127
235
170
142
97
248
216
52
121
63
82
74
121
380
187
167
16
77
96
81
336
87
c587
15
4
140
157
146
120
51
153
100
187
44
263
175
112
109
248
200
33
253
152
150
268
64
c588
18
4
262
78
116
77
125
51
185
93
51
49
13
31
133
211
145
184
33
188
94
150
120
258
164
121
76
123
c589
18
4
196
61
157
57
177
202
20
155
117
128
54
218
126
99
141
70
14
154
c590
18
4
107
74
181
118
76
150
17
112
146
135
143
74
154
134
24
205
62
126
123
73
117
25
77
145
46
88
142
59
17
120
105
182
59
69
35
123
226
61
54
110
145
163
179
186
17
27
192
44
104
168
111
138
156
122
45
187
174
100
66
121
177
119
76
309
102
349
165
117
253
165
142
57
175
81
41
58
123
c591
17
4
82
28
143
173
164
243
129
209
132
291
76
204
226
153
153
72
150
218
5
80
83
125
53
113
c592
17
4
118
81
178
26
117
166
286
236
147
90
85
140
58
170
108
276
215
127
256
147
172
54
c593
17
4
87
265
238
251
11
268
142
21
104
117
111
144
18
97
179
101
91
111
54
118
71
127
126
136
117
c594
17
4
164
148
227
86
5
76
172
226
218
113
114
179
18
184
26
148
93
217
78
236
217
105
18
c595
19
4
131
51
95
87
86
194
22
158
105
173
61
191
63
254
127
118
347
242
140
95
74
59
177
36
c596
19
4
138
101
113
115
109
109
44
169
88
126
37
157
215
38
95
78
82
144
125
192
256
84
160
26
c597
19
4
138
134
113
113
104
95
107
55
118
76
80
38
327
187
165
139
90
123
75
126
156
117
129
82
158
75
c598
19
4
224
140
126
171
109
110
169
61
119
100
86
32
165
87
129
153
278
99
101
41
c599
19
4
56
207
106
140
53
28
127
151
80
54
192
95
7
111
95
189
189
114
5
159
51
99
78
68
27
102
15
91
132
117
60
121
131
c600
19
4
142
130
142
142
139
83
182
63
88
60
188
109
167
78
122
201
15
181
152
123
159
106
36
252
49
c601
13
4
67
185
108
116
64
83
209
48
62
47
70
166
108
80
181
95
141
108
134
190
47
180
157
38
150
37
145
40
c602
13
4
105
188
154
201
78
40
130
204
99
34
101
99
106
80
129
279
175
129
156
199
74
96
98
163
131
156
99
87
153
183
118
11
c603
13
4
146
123
254
252
95
53
278
125
94
121
268
181
80
160
226
272
136
120
218
60
37
c604
17
4
124
104
115
128
77
223
73
94
50
64
115
212
111
102
40
90
132
167
48
112
5
152
96
158
21
142
137
102
70
c605
17
4
169
153
19
155
199
39
100
151
153
157
167
5
136
235
138
64
158
153
203
89
28
131
8
208
6
103
c606
17
4
15
191
104
160
112
139
142
271
85
52
18
173
170
145
205
98
122
77
138
115
198
86
138
55
156
c607
17
4
165
162
135
85
126
219
115
43
103
226
151
152
99
106
184
155
142
200
167
56
131
67
222
c608
17
4
125
110
106
82
165
9
67
134
131
165
119
80
54
12
89
187
88
86
132
5
138
78
111
107
196
150
183
96
128
99
78
c609
17
4
28
151
90
196
149
196
144
12
61
9
186
40
325
58
229
72
58
86
99
60
86
71
12
154
127
118
27
87
123
22
137
c610
17
4
59
107
190
127
29
89
52
66
8
50
55
5
106
236
133
204
156
186
185
134
65
34
23
125
93
214
109
31
150
61
21
c611
11
4
137
35
303
170
323
32
172
149
34
29
138
130
229
54
164
68
188
57
255
94
68
114
32
165
29
c612
11
4
123
39
56
17
80
125
96
82
140
95
50
18
68
8
37
60
99
22
44
47
345
60
27
278
289
397
225
73
66
100
c613
11
4
98
156
119
59
74
219
195
85
31
181
185
38
129
163
150
42
269
146
182
158
38
143
54
182
65
49
33
11
c614
11
4
104
48
61
77
75
56
121
52
52
281
134
117
57
134
5
150
167
114
159
118
169
5
220
12
140
190
11
84
43
140
c615
10
4
209
93
61
39
32
41
118
111
30
21
145
327
79
97
165
130
94
285
97
82
63
78
130
101
54
94
132
87
173
35
c616
10
4
145
110
152
144
178
70
117
31
217
95
10
134
140
176
5
160
120
5
156
141
72
73
89
126
92
75
129
9
62
90
c617
10
4
187
126
158
63
202
170
200
249
148
141
114
51
117
91
31
152
121
11
73
102
169
7
231
98
31
80
c618
10
4
187
50
218
83
39
55
142
294
250
132
93
179
32
162
75
156
140
98
98
152
127
111
55
226
50
158
c619
18
4
111
227
170
24
196
142
256
116
72
190
100
191
73
128
87
166
28
145
67
138
96
198
67
43
12
81
c620
18
4
100
122
222
108
58
174
200
54
307
159
106
133
81
139
7
85
129
102
42
65
100
28
c621
18
4
189
94
87
153
118
27
56
64
155
137
237
34
254
18
104
241
107
148
139
109
148
183
182
180
112
c622
18
4
143
201
27
141
8
153
129
36
199
132
142
188
12
62
214
70
143
41
26
161
126
208
164
177
14
137
18
c623
18
4
131
208
177
235
179
114
118
157
118
86
352
199
324
179
76
254
37
125
15
8
50
67
c624
14
4
15
71
166
126
14
158
190
98
209
83
150
364
117
19
30
91
195
40
261
36
79
84
10
325
100
409
144
137
77
23
96
151
192
131
13
26
162
11
c625
14
4
188
20
159
126
101
260
65
181
149
121
114
115
10
102
166
46
119
199
170
111
63
91
132
192
64
17
157
63
55
26
62
119
68
15
54
358
192
51
57
74
42
205
186
156
85
c626
21
4
7
15
97
119
135
114
108
117
95
171
97
94
94
142
122
229
23
17
78
136
307
138
73
94
61
75
25
5
88
133
88
c627
21
4
93
117
93
194
31
85
44
76
175
134
163
142
134
196
128
72
170
77
32
58
94
5
224
66
152
156
37
48
60
6
315
18
c628
22
4
17
56
83
116
166
15
170
109
150
7
82
120
56
128
51
73
104
172
102
30
48
62
50
71
253
118
175
167
171
95
35
c629
22
4
70
169
140
14
189
202
179
59
114
20
173
48
162
247
76
166
108
207
146
91
128
72
201
98
33
c630
14
4
132
13
83
84
208
113
145
115
54
79
71
95
370
179
118
48
104
57
195
155
182
372
170
235
15
c631
14
4
65
137
156
98
165
164
100
255
183
109
40
147
61
143
215
113
56
78
17
217
125
149
67
214
231
78
c632
19
4
66
137
181
112
135
158
128
167
154
177
65
154
140
139
89
202
199
141
136
76
80
15
139
84
c633
19
4
159
141
74
118
150
147
111
146
216
136
87
82
121
22
181
188
138
117
98
109
35
104
115
192
355
71
39
216
160
81
11
107
c634
19
4
150
112
98
68
94
73
131
157
41
205
132
13
81
128
67
63
124
171
125
116
166
78
183
106
164
145
79
57
76
39
c635
15
4
141
41
166
144
253
236
125
69
145
98
131
80
195
63
133
115
214
265
185
185
145
98
67
c636
15
4
15
74
145
185
66
103
111
98
31
72
211
114
157
280
102
49
36
18
95
83
62
133
75
120
106
170
138
176
88
161
138
c637
13
4
121
128
129
157
115
105
107
71
91
62
79
82
90
143
25
58
141
75
150
84
81
150
151
142
105
129
100
37
57
46
50
c638
13
4
170
117
90
36
30
179
109
7
95
215
56
51
174
142
140
162
6
99
287
118
27
61
173
239
183
148
119
176
153
106
85
100
389
161
191
51
205
92
98
64
92
112
26
c639
20
4
208
128
113
29
148
220
98
183
150
104
103
62
261
110
144
119
57
30
229
121
22
47
8
9
327
13
c640
20
4
127
53
129
209
64
142
46
18
173
90
129
61
36
138
43
89
67
101
39
133
81
8
246
125
111
56
193
14
151
86
182
83
56
84
137
c641
17
4
59
164
105
78
66
138
71
11
129
47
45
130
94
212
91
107
117
62
164
82
98
49
167
127
89
21
99
83
139
8
91
189
99
145
252
59
101
188
206
136
61
126
79
113
64
111
77
63
111
63
104
65
93
12
c642
17
4
134
75
43
175
112
138
109
105
26
79
22
154
189
141
209
123
109
137
103
161
162
97
34
198
91
37
64
36
21
142
131
86
128
31
298
56
137
94
59
70
117
134
151
35
218
86
c643
18
4
80
114
138
40
181
162
120
174
153
116
95
174
122
76
87
92
100
58
130
271
75
17
127
181
42
89
21
c644
18
4
157
113
88
133
118
132
92
109
67
76
85
95
64
126
78
100
163
64
176
119
150
148
80
85
74
74
110
153
50
10
157
170
68
31
45
84
83
116
231
19
155
103
139
96
169
38
127
140
117
86
c645
16
4
110
177
18
44
47
174
126
80
117
100
206
59
24
18
67
64
53
208
156
138
80
71
141
183
7
34
75
125
166
139
76
164
81
20
24
86
164
151
89
30
88
40
98
114
101
105
23
c646
16
4
109
13
156
185
81
118
34
205
84
139
222
110
89
199
62
125
148
72
32
123
208
90
96
71
78
113
122
135
123
338
48
208
108
155
124
98
143
42
218
174
222
20
c647
16
4
123
202
111
128
203
79
108
148
48
235
107
110
48
126
212
112
80
126
7
7
43
96
61
41
189
40
129
102
214
9
57
c648
16
4
120
181
111
157
118
89
80
247
96
15
133
97
103
147
34
16
145
103
148
24
131
212
6
114
270
191
56
48
c649
16
4
143
106
118
112
39
234
187
123
64
185
73
105
54
79
98
66
100
151
183
144
164
94
115
55
114
35
137
106
c650
19
4
135
130
250
123
239
119
171
106
106
219
106
82
82
31
136
211
118
51
161
79
32
141
95
120
45
113
15
121
87
217
111
63
23
133
39
21
c651
19
4
95
167
146
296
113
224
144
145
17
114
31
133
150
294
113
106
80
81
138
252
148
86
105
208
131
104
56
77
22
113
93
c652
19
4
63
210
195
128
158
102
165
63
162
142
135
130
136
112
85
100
123
112
160
122
56
76
56
44
29
115
152
154
55
183
110
70
55
136
125
119
48
274
80
109
248
378
154
c653
19
4
124
60
128
114
109
106
212
118
92
30
252
126
40
135
89
184
158
102
156
162
125
127
162
154
168
c654
19
4
46
184
175
155
7
148
206
164
239
197
53
158
255
222
178
106
96
87
50
120
7
144
50
32
c655
19
4
96
89
108
152
129
68
64
53
88
222
98
167
87
318
169
138
169
174
75
86
35
127
105
135
75
131
84
196
235
206
18
13
200
163
29
225
217
27
125
140
69
201
58
82
133
55
135
106
72
31
134
129
151
60
64
121
145
72
76
109
113
61
114
75
c656
18
4
98
101
218
117
138
109
80
130
122
42
29
76
109
111
121
101
60
153
132
54
35
84
145
142
75
90
186
78
102
153
26
198
129
196
94
74
19
46
40
385
176
106
71
111
5
69
9
124
73
106
145
161
13
135
116
75
140
283
197
23
13
196
147
149
67
26
111
c657
18
4
189
144
63
108
205
136
205
114
105
13
160
101
11
112
186
115
118
18
100
129
106
160
96
92
104
116
175
135
81
25
94
152
94
15
78
110
47
122
77
151
15
108
86
103
61
70
144
10
167
79
105
74
191
13
118
125
191
81
191
101
130
183
118
210
7
132
145
15
192
92
76
211
162
80
5
74
198
21
89
148
67
112
224
183
77
186
50
20
c658
18
4
128
82
37
99
163
107
115
58
90
137
136
167
110
212
114
205
138
122
92
36
128
27
166
48
105
121
15
73
120
81
16
197
192
21
134
119
123
332
134
85
79
177
112
112
48
82
c659
16
4
120
190
170
10
145
55
137
161
115
135
28
179
102
198
68
151
11
115
144
161
157
157
10
71
113
50
32
65
15
c660
16
4
64
195
145
35
103
110
102
148
143
120
142
6
99
5
5
162
111
92
54
6
5
122
181
33
304
28
60
137
86
6
179
105
69
75
c661
16
4
20
67
61
99
41
39
115
6
170
117
207
88
175
150
124
136
56
53
37
123
12
119
132
178
57
116
33
77
27
43
146
170
114
63
7
c662
14
4
86
37
41
143
148
129
123
32
71
60
94
41
122
16
164
124
50
12
52
164
94
110
42
80
347
129
119
291
46
209
16
c663
14
4
9
107
221
179
215
124
123
96
139
53
179
187
79
246
141
195
79
109
54
96
111
14
76
28
156
204
27
c664
12
4
180
26
166
130
145
59
135
56
64
110
85
8
83
41
116
70
92
177
98
35
136
85
125
230
136
101
199
215
126
c665
12
4
189
132
238
145
131
44
124
253
79
210
56
241
56
131
173
128
42
194
97
75
104
71
92
48
121
c666
12
4
267
258
117
113
102
205
18
109
93
121
113
227
114
141
193
188
152
93
14
101
115
95
118
74
65
27
c667
12
4
28
79
139
116
156
95
22
171
143
67
323
193
122
99
141
57
10
116
115
78
93
144
93
68
36
73
176
72
60
87
c668
12
4
112
123
151
156
36
158
192
32
66
182
34
71
303
71
27
98
122
22
92
117
46
19
49
111
144
79
61
81
39
192
95
c669
18
4
144
122
82
202
103
187
310
116
98
105
265
55
113
79
226
62
67
131
52
25
29
70
223
36
289
157
c670
18
4
126
269
89
161
135
32
33
73
145
151
31
120
82
98
79
59
61
102
19
102
147
148
87
146
168
239
171
95
61
c671
16
4
144
138
29
36
124
118
133
92
170
23
294
96
102
92
7
205
160
176
57
123
114
43
191
39
78
5
166
48
c672
16
4
65
69
135
86
150
160
157
105
116
158
30
113
79
61
54
129
122
75
66
215
150
29
33
142
86
121
114
127
c673
16
4
182
88
207
21
60
127
191
130
109
155
95
42
124
113
107
190
71
113
89
101
81
18
85
155
40
144
72
49
13
20
12
21
76
16
57
c674
17
4
155
100
79
126
89
229
50
93
182
24
171
11
10
232
145
138
125
85
190
13
88
85
71
160
266
132
c675
17
4
95
110
193
79
80
43
213
222
92
150
182
106
14
30
87
146
124
63
172
97
48
161
98
113
141
13
74
178
40
66
c676
17
4
171
176
155
83
85
187
242
138
193
83
219
142
64
182
142
224
45
157
212
79
81
89
27
161
54
c677
17
4
96
147
46
391
226
16
126
32
147
150
177
151
122
177
145
123
177
81
105
145
180
88
60
c678
17
4
84
101
164
43
136
90
24
106
23
5
92
192
22
208
116
208
88
195
11
124
158
179
46
231
135
78
241
191
18
c679
18
4
53
122
118
121
284
33
119
151
192
243
176
198
144
106
173
64
153
17
141
41
130
129
209
29
c680
18
4
16
108
96
106
182
32
76
137
110
168
109
76
114
105
87
144
73
134
136
133
10
108
116
145
120
115
53
83
126
132
36
c681
18
4
129
130
160
17
82
164
10
216
190
11
112
18
146
5
92
9
205
11
129
163
33
121
24
101
176
116
110
97
162
105
87
55
25
84
47
c682
18
4
82
48
168
99
133
140
112
194
5
114
18
210
214
156
128
18
72
43
107
37
119
102
155
34
86
98
99
19
112
70
c683
15
4
176
59
5
72
135
80
5
90
8
103
209
74
98
105
99
19
103
72
45
101
86
105
117
46
92
124
7
89
68
150
106
117
22
136
37
71
90
34
c684
15
4
73
119
118
176
48
161
75
37
6
165
15
33
59
109
14
71
39
19
10
145
74
104
64
12
63
69
153
173
44
136
49
96
18
91
28
38
143
135
37
c685
15
4
91
65
109
139
90
49
94
6
49
14
130
26
36
127
17
85
48
93
93
167
167
157
146
106
249
61
143
40
120
112
59
231
18
47
11
c686
15
4
10
76
11
123
5
151
192
5
264
140
121
166
86
180
75
221
12
203
13
86
74
157
192
21
74
44
98
74
50
107
81
27
c687
15
4
108
99
27
177
262
237
19
51
39
112
132
95
176
136
229
330
264
60
114
177
171
216
80
78
37
78
114
162
35
249
116
115
5
135
70
177
19
270
29
106
92
17
c688
10
4
21
89
96
131
72
47
62
60
97
67
93
146
107
93
128
85
18
109
62
164
138
221
110
117
21
250
99
272
47
356
121
282
180
115
363
265
56
47
201
c689
10
4
108
166
217
163
178
214
241
51
149
72
134
93
143
163
198
49
104
73
82
145
131
142
38
103
153
70
127
118
28
117
54
146
146
16
73
c690
12
4
145
16
40
243
21
228
118
63
149
79
123
44
131
124
253
119
270
51
20
34
84
103
42
155
78
42
126
182
120
35
155
177
123
25
65
19
15
174
66
36
127
c691
12
4
24
23
24
17
49
21
99
106
108
17
30
13
82
182
178
131
33
18
81
84
99
90
199
15
88
84
102
102
79
109
113
51
152
103
78
130
47
49
61
13
77
85
102
124
87
68
197
184
38
c692
10
4
133
16
51
75
313
142
92
241
91
114
187
32
148
96
113
45
70
86
52
184
52
77
110
102
59
263
12
89
50
89
142
114
82
c693
10
4
82
94
56
49
78
128
56
28
111
87
155
5
58
154
189
140
54
141
112
58
142
153
101
74
70
7
108
186
107
150
124
30
30
c694
13
4
158
63
95
53
135
58
73
52
19
121
92
107
100
97
72
120
115
35
65
53
12
152
36
22
45
199
142
142
9
132
115
112
95
77
59
34
c695
13
4
88
43
139
139
111
33
87
100
180
115
135
7
109
106
147
62
34
73
77
93
12
210
84
44
27
41
52
112
41
85
175
103
260
c696
13
4
9
155
45
122
11
143
103
21
140
121
33
105
40
42
81
101
81
104
82
123
54
192
63
27
180
53
27
95
44
61
75
107
47
62
112
61
186
c697
12
4
26
103
98
156
48
86
173
142
78
113
131
91
165
47
28
34
100
183
26
144
162
111
257
38
71
106
20
44
67
51
15
78
79
84
105
115
21
c698
12
4
20
125
88
163
86
120
88
135
100
148
187
99
9
106
6
43
64
84
19
50
50
183
92
21
23
200
70
19
30
137
184
158
32
171
70
192
56
48
c699
12
4
147
124
206
136
76
172
157
54
118
26
171
257
56
74
134
126
40
78
113
198
38
131
53
170
81
14
c700
15
4
19
72
133
62
52
111
51
110
50
130
54
82
30
360
29
158
216
63
130
53
105
58
131
29
34
54
25
98
122
142
134
10
20
193
37
133
120
36
139
16
34
88
115
97
68
c701
15
4
89
19
122
31
174
35
36
9
94
11
67
45
235
145
37
146
65
97
200
270
93
69
51
64
72
144
177
107
78
67
113
58
26
84
110
108
188
61
96
58
143
12
15
22
31
18
78
132
52
153
83
88
109
7
109
68
51
49
33
c702
12
4
10
74
55
70
23
27
53
90
47
5
48
124
30
58
67
21
21
30
25
10
169
117
47
127
101
76
35
35
202
52
29
103
17
204
91
85
204
153
227
175
181
69
148
135
35
17
47
11
288
83
297
176
372
52
c703
12
4
13
109
59
8
68
19
131
31
105
27
24
120
124
116
106
58
67
17
8
134
78
56
229
150
81
120
210
23
60
117
284
511
156
c704
12
4
12
88
64
218
47
94
135
200
100
155
39
182
56
7
36
77
57
30
108
156
58
33
46
121
71
190
67
189
29
55
247
83
c705
15
4
30
86
132
163
23
136
43
112
173
129
154
71
59
59
160
126
209
174
36
69
57
124
128
106
40
112
32
247
117
c706
15
4
204
46
126
145
133
215
216
5
93
127
67
169
114
11
104
210
161
158
136
66
82
9
149
192
171
63
c707
15
4
56
183
151
190
85
122
131
10
74
164
91
135
27
102
89
18
62
116
47
165
31
59
169
141
58
119
128
40
8
132
285
125
12
c708
15
4
124
38
105
54
184
99
5
106
20
167
97
102
129
85
155
146
25
140
32
72
186
85
25
123
56
218
71
152
44
36
33
106
36
c709
15
4
27
99
40
151
96
35
35
60
20
79
54
87
81
154
126
39
79
42
150
90
110
6
113
60
47
127
113
94
116
34
50
190
6
206
147
c710
10
4
109
122
123
137
94
66
116
7
138
128
68
128
136
58
128
18
141
6
150
150
99
71
95
44
138
7
139
100
260
14
c711
10
4
110
15
91
51
122
7
82
78
52
70
146
5
99
140
224
136
19
90
7
184
127
69
119
37
130
142
6
168
109
92
45
6
94
128
88
111
9
187
c712
18
4
42
113
72
69
148
154
47
139
104
125
101
17
147
180
77
117
155
6
132
64
113
94
13
116
30
57
48
114
15
140
111
69
12
c713
18
4
100
13
58
45
45
126
165
98
37
148
62
29
164
202
30
21
14
155
75
6
88
108
9
81
71
127
51
94
70
35
61
61
55
75
85
54
163
6
83
9
c714
18
4
44
113
54
32
154
122
112
36
40
141
100
18
96
33
23
36
54
14
5
13
5
13
5
14
10
3
13
84
92
61
41
127
97
98
116
6
67
52
46
12
34
49
109
81
28
87
102
63
89
124
24
109
71
18
c715
18
4
11
123
149
106
51
82
26
38
125
119
170
123
6
98
8
208
15
234
38
201
41
8
17
94
187
46
67
35
122
49
148
55
9
42
50
111
23
c716
18
4
103
83
98
95
151
94
114
103
126
78
119
146
195
74
5
177
86
5
216
181
139
42
203
263
87
84
12
c717
18
4
47
161
217
85
94
54
111
51
69
57
9
235
35
133
80
6
211
11
71
152
74
95
78
11
76
99
55
104
65
132
90
146
122
13
95
20
c718
18
4
83
143
51
121
124
122
88
72
26
144
69
96
127
104
105
148
157
13
43
13
87
112
99
126
50
187
76
112
13
165
125
57
36
c719
16
4
42
164
27
153
132
103
78
79
119
41
151
104
213
8
100
107
167
91
116
79
70
76
46
76
115
46
82
43
28
38
42
155
110
87
36
c720
16
4
27
94
38
104
140
137
117
46
182
23
83
92
52
38
132
151
73
215
73
128
225
163
116
157
108
7
87
127
123
29
49
72
c721
16
4
92
143
49
90
9
146
87
26
148
92
9
189
111
118
100
89
118
43
76
310
82
24
136
16
74
64
148
81
44
157
39
38
8
191
70
71
88
71
54
34
46
14
93
3
167
3
216
3
29
28
42
3
102
3
53
61
3
56
33
19
3
66
84
51
3
26
51
15
3
14
c722
12
4
44
90
93
41
26
116
65
142
89
303
66
230
10
217
29
104
108
140
171
46
96
76
51
108
16
72
21
36
163
25
97
25
78
33
90
c723
15
4
82
40
60
237
41
209
111
55
196
9
91
75
27
64
98
118
162
53
148
22
90
166
136
5
54
121
15
91
92
121
68
41
94
66
46
7
112
68
155
21
7
86
11
77
40
63
20
36
186
193
31
59
238
93
164
52
78
238
155
87
104
46
25
58
33
92
96
71
c724
14
4
69
114
75
63
129
96
17
112
95
151
118
87
33
40
12
101
78
49
137
107
183
12
80
97
167
76
60
126
24
104
95
113
93
145
158
62
9
108
22
192
35
76
128
45
145
105
198
74
31
118
130
16
126
30
76
62
151
74
173
174
137
101
128
64
74
38
15
c725
11
4
141
220
23
95
114
172
24
138
109
56
112
56
14
62
74
98
21
37
71
28
102
81
32
11
106
165
79
131
171
229
98
20
137
21
99
20
c726
11
4
142
14
121
22
140
98
80
78
40
28
136
89
72
82
146
58
78
155
145
132
158
158
70
114
21
114
225
78
231
278
152
56
35
24
106
112
102
36
9
125
83
31
76
20
172
41
71
108
79
90
46
176
183
128
86
119
79
74
23
61
13
42
33
70
77
c727
17
4
130
42
298
42
7
53
76
87
90
31
14
229
153
200
128
166
94
109
97
148
148
162
96
235
99
96
81
42
191
104
29
96
212
61
83
76
59
104
265
8
106
97
106
14
16
106
131
187
211
116
212
165
104
119
90
134
208
107
66
81
93
117
91
55
102
27
92
96
106
63
153
58
13
153
122
58
98
27
35
77
49
36
78
72
36
86
37
17
111
12
c728
13
4
128
146
119
127
58
19
89
26
64
98
40
109
103
72
117
98
137
92
131
189
43
25
139
235
22
233
156
63
96
195
187
108
102
72
21
85
151
29
39
11
51
17
139
204
30
19
223
18
103
126
16
150
74
18
6
28
38
5
c729
12
4
6
16
96
95
64
63
100
18
18
98
56
58
25
32
86
23
61
55
44
30
41
6
62
234
30
144
113
82
126
22
31
13
131
71
138
58
30
14
15
19
131
12
53
41
72
131
132
33
61
c730
12
4
142
79
251
38
76
133
61
172
350
41
105
86
46
8
16
77
99
170
87
95
13
24
113
189
62
200
117
76
99
30
55
c731
21
4
14
157
8
12
129
99
49
6
93
108
43
115
64
172
100
60
109
127
36
205
51
172
107
129
21
139
136
70
53
97
9
128
106
102
51
143
48
8
222
63
176
126
127
92
70
61
72
338
10
76
28
15
209
150
200
19
93
62
68
33
11
72
27
32
76
36
9
47
49
11
c732
21
4
118
196
20
131
166
148
120
77
5
76
39
118
21
52
119
136
112
159
28
295
44
131
96
49
111
132
73
140
107
101
132
85
184
93
116
25
93
57
121
34
41
75
63
c733
15
4
70
161
31
84
151
48
138
98
207
112
166
239
42
133
28
100
45
184
261
18
63
109
20
74
19
96
7
132
117
107
95
115
72
17
120
64
55
12
131
49
99
70
136
13
7
150
7
113
98
7
7
170
12
81
206
11
30
165
7
98
81
46
57
127
129
154
11
35
c734
15
4
14
59
124
35
36
17
135
160
98
23
60
53
181
54
99
76
109
32
7
60
88
74
121
115
60
77
135
55
55
9
121
268
241
94
166
75
95
146
12
11
26
155
114
115
159
128
51
116
41
116
174
10
45
318
65
35
135
c735
17
4
16
130
103
120
53
50
45
107
68
91
126
169
22
171
11
27
70
72
83
16
44
80
33
102
96
41
113
90
78
23
131
114
21
c736
17
4
154
164
52
99
64
99
100
72
182
104
44
8
50
117
182
68
13
63
91
17
130
151
44
202
5
150
151
155
19
121
206
48
49
c737
17
4
100
83
37
144
48
87
99
47
91
17
21
86
88
157
47
64
120
64
171
20
114
138
197
129
38
53
4
142
51
160
55
114
83
92
83
158
143
248
153
158
298
122
137
70
34
200
117
126
118
172
199
100
69
223
103
22
c738
15
4
22
108
100
10
42
39
169
75
41
221
323
165
171
142
298
161
292
237
116
78
44
114
145
53
106
26
64
31
69
115
85
88
209
56
199
70
124
187
32
150
216
83
136
137
15
184
129
145
13
7
102
136
87
200
76
105
28
26
74
273
66
133
61
97
46
122
42
80
85
97
75
133
104
c739
15
4
69
13
7
191
7
249
289
135
234
157
182
136
111
21
146
219
36
129
214
86
204
96
c740
18
4
140
54
112
105
148
124
170
57
107
196
159
24
33
110
195
120
106
130
64
23
132
37
295
55
28
42
26
104
49
117
240
5
43
87
154
48
37
52
46
8
50
100
19
56
25
42
52
31
7
19
135
15
7
45
7
26
7
60
58
77
77
41
42
166
83
207
106
133
198
140
109
92
161
c741
16
4
119
110
272
48
112
109
120
45
116
122
164
70
153
29
118
131
113
12
71
126
74
141
15
17
8
182
151
69
149
195
146
175
229
297
317
10
61
231
143
80
149
13
25
102
52
127
19
122
189
124
22
97
72
18
c742
25
4
103
107
104
120
158
46
181
120
133
145
28
190
20
22
243
10
169
128
134
170
20
79
243
102
265
173
214
166
120
35
156
172
59
185
198
81
158
346
5
180
5
179
66
140
14
174
85
c743
22
4
150
60
77
46
141
53
264
267
53
76
42
187
170
132
57
144
41
67
61
206
43
124
10
105
12
102
122
66
128
14
115
14
77
38
7
67
112
107
105
108
167
85
c744
22
4
7
133
173
173
43
138
25
195
127
48
135
61
69
27
111
83
43
111
136
17
26
149
90
215
134
33
161
276
175
52
79
264
99
113
134
135
95
50
187
132
74
168
85
51
317
46
71
111
66
160
129
190
133
236
141
101
51
84
70
177
53
117
87
43
64
72
74
194
151
63
38
56
34
7
24
c745
22
4
16
28
96
72
15
110
46
119
33
56
115
129
87
52
189
52
126
123
162
36
116
111
84
39
45
66
190
44
173
152
72
236
151
78
71
101
164
161
180
216
144
41
137
41
155
62
30
130
19
210
113
176
72
131
30
137
84
181
5
122
73
140
188
51
103
8
154
77
126
115
30
37
39
146
92
70
140
144
12
114
43
46
60
57
51
141
99
125
50
106
7
109
41
67
7
72
14
81
85
94
c746
11
4
14
110
27
46
64
65
108
86
31
107
99
62
179
74
77
80
107
42
81
156
147
6
73
49
34
45
78
169
6
132
41
81
127
162
61
37
68
72
179
177
67
177
91
16
77
110
16
112
266
175
52
204
105
31
103
49
46
17
60
147
30
162
44
216
35
428
28
86
137
32
64
134
188
457
198
75
84
92
261
48
322
267
199
61
63
148
217
12
194
12
86
57
13
c747
17
4
97
115
173
6
79
84
120
21
201
119
77
109
40
112
119
221
100
166
56
58
56
15
98
226
142
59
142
7
112
317
145
148
179
97
15
c748
17
4
121
195
143
258
109
37
95
160
185
63
109
66
193
12
11
58
120
74
125
129
94
19
6
81
74
168
112
277
139
79
16
77
136
36
127
63
69
235
52
16
237
95
24
90
188
7
149
91
7
80
8
72
151
122
128
11
77
34
196
c749
7
4
27
106
122
42
33
7
97
183
359
483
206
8
403
6
127
110
154
47
434
73
154
80
40
21
49
42
234
48
73
163
7
146
168
30
163
110
89
9
68
17
68
121
13
159
173
191
79
22
78
299
86
102
60
263
263
85
116
108
151
155
99
10
49
31
119
97
200
183
62
132
19
91
6
243
8
124
184
88
65
124
14
157
114
66
21
22
c750
16
4
37
166
89
38
100
137
41
153
166
32
118
118
120
154
174
130
194
220
17
125
137
149
187
250
179
115
289
46
155
159
64
179
84
135
46
88
95
107
75
120
34
c751
16
4
52
129
134
176
135
211
73
71
173
188
19
151
165
122
242
253
143
45
169
167
147
133
124
14
73
147
37
34
226
33
193
30
247
21
87
39
176
21
39
c752
16
4
79
30
159
66
157
9
121
100
28
95
18
168
124
58
105
8
82
120
76
6
145
159
75
88
30
155
9
142
19
78
86
44
45
69
142
99
68
59
264
111
197
113
85
135
55
140
45
77
96
8
200
60
22
98
c753
16
4
113
145
76
52
35
11
192
66
97
39
116
78
97
57
107
12
91
193
211
64
46
266
39
80
169
142
201
72
74
73
62
19
36
c754
14
4
5
7
44
38
72
52
135
106
9
68
132
84
181
189
66
258
9
217
314
92
129
107
204
153
237
91
48
31
114
155
28
187
106
65
136
119
159
6
75
37
84
17
97
196
102
124
c755
14
4
7
212
55
123
126
19
86
13
40
233
73
52
147
125
186
121
196
110
86
164
138
51
128
46
103
159
80
140
48
33
50
5
101
125
40
150
96
105
118
33
8
10
c756
14
4
19
111
89
148
23
32
117
38
17
142
67
108
92
76
15
103
98
16
135
124
93
66
165
126
147
145
72
150
322
25
14
127
110
151
88
92
40
123
159
c757
14
4
209
83
181
50
150
194
151
136
147
22
22
145
97
61
240
116
144
163
27
138
6
125
169
127
232
16
161
129
166
5
114
230
199
11
200
99
132
184
53
192
167
93
5
6
99
c758
23
4
5
20
114
66
182
85
55
108
17
40
98
43
26
110
121
123
20
118
67
32
127
25
82
23
144
117
293
24
209
43
34
116
61
59
155
110
114
120
222
15
141
123
13
29
5
188
c759
23
4
119
106
28
105
128
168
84
201
275
55
127
39
47
27
214
5
127
128
89
25
16
71
67
98
46
109
120
71
11
68
116
157
240
70
11
122
106
33
45
23
76
158
98
131
111
c760
19
4
62
43
67
131
116
121
50
33
131
80
7
18
117
186
298
283
160
89
185
185
40
139
103
60
150
105
84
163
127
108
275
72
c761
19
4
129
74
148
181
149
385
195
98
121
67
66
122
91
79
162
86
265
17
195
19
115
124
13
46
226
76
250
100
260
75
17
193
146
125
75
6
174
128
115
35
123
35
132
168
91
150
122
103
26
13
131
93
113
83
147
158
248
74
131
183
210
83
88
308
105
11
222
10
142
73
58
47
14
c762
13
4
78
132
122
173
162
138
23
106
163
38
116
200
208
100
101
148
36
82
5
127
61
82
67
100
66
223
68
131
112
51
80
142
183
54
175
24
51
158
132
11
166
88
161
147
170
121
107
127
67
162
5
103
161
121
129
174
190
66
107
31
106
90
75
c763
13
4
242
75
97
114
82
118
93
356
28
100
144
179
120
123
63
144
158
153
224
66
266
142
20
68
75
26
49
74
89
106
165
67
61
85
44
97
22
c764
10
4
155
288
89
220
171
104
80
5
86
50
224
55
106
66
86
175
95
107
125
28
23
20
59
8
38
8
46
89
31
69
115
178
231
202
34
92
167
118
108
47
34
45
42
160
149
170
77
108
189
216
23
81
53
29
105
249
c765
10
4
289
148
69
32
79
18
122
31
53
5
126
15
91
66
104
31
32
125
78
26
77
121
119
42
109
81
17
120
13
125
40
100
75
177
134
14
119
146
120
16
106
161
16
130
5
179
33
86
7
125
109
45
53
89
131
37
94
51
101
168
84
290
28
158
55
20
189
54
61
89
53
53
116
42
26
61
51
98
75
c766
17
4
40
34
122
67
115
135
11
40
31
154
76
38
63
175
54
251
153
106
49
217
103
37
78
147
39
174
61
111
43
116
13
43
94
49
254
121
79
136
75
39
27
22
162
114
253
85
122
18
191
10
110
85
46
149
46
236
143
187
138
89
47
182
222
65
41
32
19
18
71
11
135
44
292
91
73
91
167
9
23
112
15
191
159
208
121
117
84
105
56
100
13
7
7
211
164
113
31
196
114
102
99
48
232
57
5
151
9
207
54
c767
17
4
196
200
77
105
80
14
24
284
7
8
139
5
156
87
187
114
133
125
85
79
9
47
c768
16
4
123
165
263
114
60
62
86
52
89
69
170
85
132
26
106
180
61
113
47
143
118
123
182
70
150
50
75
65
128
59
112
17
85
57
64
114
132
152
204
107
83
106
137
27
45
71
c769
16
4
127
160
111
107
115
207
161
128
174
162
139
10
101
131
114
195
117
68
148
115
85
173
63
199
13
106
177
77
62
79
101
25
112
131
113
160
105
106
136
96
159
131
141
186
136
53
134
63
42
111
33
153
119
145
171
26
68
39
90
17
124
153
82
127
39
110
153
183
12
155
78
68
30
42
36
57
90
85
50
89
93
13
31
c770
21
4
7
85
54
148
85
3
75
195
7
129
130
103
125
86
70
6
74
322
63
87
26
10
107
147
173
164
29
106
205
162
78
229
130
100
179
180
106
131
94
99
141
172
31
278
243
262
215
72
17
95
206
97
205
62
11
210
9
11
162
192
250
340
106
91
94
11
